Solar photon flux: 5913632636014571814912.0
---- Eg=0.050000
0.050000 0.000000 15.447251
---- Eg=0.100000
0.100000 0.000000 15.854366
0.100000 0.050000 -124.498212
---- Eg=0.150000
0.150000 0.000000 16.075534
0.150000 0.050000 -20.321705
0.150000 0.100000 -294.800556
---- Eg=0.200000
0.200000 0.000000 16.157686
0.200000 0.050000 7.628205
0.200000 0.100000 -52.014761
0.200000 0.150000 -507.697094
---- Eg=0.250000
0.250000 0.000000 16.131011
0.250000 0.050000 14.301906
0.250000 0.100000 1.629891
0.250000 0.150000 -87.098067
0.250000 0.200000 -771.061090
---- Eg=0.300000
0.300000 0.000000 16.017027
0.300000 0.050000 15.649057
0.300000 0.100000 13.103035
0.300000 0.150000 -4.538348
0.300000 0.200000 -128.190562
0.300000 0.250000 -1087.511483
---- Eg=0.350000
0.350000 0.000000 15.832051
0.350000 0.050000 15.761393
0.350000 0.100000 15.272593
0.350000 0.150000 11.890482
0.350000 0.200000 -11.547106
0.350000 0.250000 -175.962841
0.350000 0.300000 -1457.718868
---- Eg=0.400000
0.400000 0.000000 15.588963
0.400000 0.050000 15.575865
0.400000 0.100000 15.485251
0.400000 0.150000 14.858401
0.400000 0.200000 10.521029
0.400000 0.250000 -19.539600
0.400000 0.300000 -230.558120
0.400000 0.350000 -1881.826462
---- Eg=0.450000
0.450000 0.000000 15.298231
0.450000 0.050000 15.295869
0.450000 0.100000 15.279525
0.450000 0.150000 15.166467
0.450000 0.200000 14.384348
0.450000 0.250000 8.972542
0.450000 0.300000 -28.537965
0.450000 0.350000 -291.998533
0.450000 0.400000 -2359.856398
---- Eg=0.500000
0.500000 0.000000 14.968538
0.500000 0.050000 14.968121
0.500000 0.100000 14.965237
0.500000 0.150000 14.945290
0.500000 0.200000 14.807298
0.500000 0.250000 13.852688
0.500000 0.300000 7.247276
0.500000 0.350000 -38.539943
0.500000 0.400000 -360.281825
0.500000 0.450000 -2891.806421
---- Eg=0.550000
0.550000 0.000000 14.607202
0.550000 0.050000 14.607130
0.550000 0.100000 14.606630
0.550000 0.150000 14.603173
0.550000 0.200000 14.579261
0.550000 0.250000 14.413847
0.550000 0.300000 13.269527
0.550000 0.350000 5.351336
0.550000 0.400000 -49.539431
0.550000 0.450000 -435.401891
0.550000 0.500000 -3477.670427
---- Eg=0.600000
0.600000 0.000000 14.220465
0.600000 0.050000 14.220453
0.600000 0.100000 14.220368
0.600000 0.150000 14.219778
0.600000 0.200000 14.215696
0.600000 0.250000 14.187460
0.600000 0.300000 13.992133
0.600000 0.350000 12.640884
0.600000 0.400000 3.290742
0.600000 0.450000 -61.530409
0.600000 0.500000 -517.352712
0.600000 0.550000 -4117.442396
---- Eg=0.650000
0.650000 0.000000 13.813702
0.650000 0.050000 13.813700
0.650000 0.100000 13.813685
0.650000 0.150000 13.813586
0.650000 0.200000 13.812898
0.650000 0.250000 13.808139
0.650000 0.300000 13.775219
0.650000 0.350000 13.547491
0.650000 0.400000 11.972092
0.650000 0.450000 1.070826
0.650000 0.500000 -74.507545
0.650000 0.550000 -606.128955
0.650000 0.600000 -4811.116994
---- Eg=0.700000
0.700000 0.000000 13.391566
0.700000 0.050000 13.391566
0.700000 0.100000 13.391563
0.700000 0.150000 13.391547
0.700000 0.200000 13.391432
0.700000 0.250000 13.390639
0.700000 0.300000 13.385151
0.700000 0.350000 13.347187
0.700000 0.400000 13.084569
0.700000 0.450000 11.267801
0.700000 0.500000 -1.303762
0.700000 0.550000 -88.466188
0.700000 0.600000 -701.725970
0.700000 0.650000 -5558.689574
---- Eg=0.750000
0.750000 0.000000 12.958112
0.750000 0.050000 12.958112
0.750000 0.100000 12.958112
0.750000 0.150000 12.958109
0.750000 0.200000 12.958090
0.750000 0.250000 12.957959
0.750000 0.300000 12.957053
0.750000 0.350000 12.950784
0.750000 0.400000 12.907417
0.750000 0.450000 12.607420
0.750000 0.500000 10.532061
0.750000 0.550000 -3.828970
0.750000 0.600000 -103.402288
0.750000 0.650000 -804.139706
0.750000 0.700000 -6360.156082
---- Eg=0.800000
0.800000 0.000000 12.516881
0.800000 0.050000 12.516881
0.800000 0.100000 12.516881
0.800000 0.150000 12.516880
0.800000 0.200000 12.516877
0.800000 0.250000 12.516856
0.800000 0.300000 12.516707
0.800000 0.350000 12.515681
0.800000 0.400000 12.508579
0.800000 0.450000 12.459448
0.800000 0.500000 12.119582
0.800000 0.550000 9.768414
0.800000 0.600000 -6.501259
0.800000 0.650000 -119.312304
0.800000 0.700000 -913.366622
0.800000 0.750000 -7215.512978
---- Eg=0.850000
0.850000 0.000000 12.070969
0.850000 0.050000 12.070969
0.850000 0.100000 12.070969
0.850000 0.150000 12.070969
0.850000 0.200000 12.070968
0.850000 0.250000 12.070965
0.850000 0.300000 12.070940
0.850000 0.350000 12.070774
0.850000 0.400000 12.069619
0.850000 0.450000 12.061632
0.850000 0.500000 12.006378
0.850000 0.550000 11.624154
0.850000 0.600000 8.979956
0.850000 0.650000 -9.317530
0.850000 0.700000 -136.193138
0.850000 0.750000 -1029.403621
0.850000 0.800000 -8124.757166
---- Eg=0.900000
0.900000 0.000000 11.623086
0.900000 0.050000 11.623086
0.900000 0.100000 11.623086
0.900000 0.150000 11.623086
0.900000 0.200000 11.623086
0.900000 0.250000 11.623086
0.900000 0.300000 11.623082
0.900000 0.350000 11.623055
0.900000 0.400000 11.622868
0.900000 0.450000 11.621578
0.900000 0.500000 11.612654
0.900000 0.550000 11.550917
0.900000 0.600000 11.123847
0.900000 0.650000 8.169398
0.900000 0.700000 -12.275074
0.900000 0.750000 -154.042081
0.900000 0.800000 -1152.247992
0.900000 0.850000 -9087.885935
---- Eg=0.950000
0.950000 0.000000 11.175604
0.950000 0.050000 11.175604
0.950000 0.100000 11.175604
0.950000 0.150000 11.175604
0.950000 0.200000 11.175604
0.950000 0.250000 11.175604
0.950000 0.300000 11.175603
0.950000 0.350000 11.175599
0.950000 0.400000 11.175569
0.950000 0.450000 11.175362
0.950000 0.500000 11.173928
0.950000 0.550000 11.164015
0.950000 0.600000 11.095436
0.950000 0.650000 10.621029
0.950000 0.700000 7.339111
0.950000 0.750000 -15.371520
0.950000 0.800000 -172.856762
0.950000 0.850000 -1281.897367
0.950000 0.900000 -10104.896914
---- Eg=1.000000
1.000000 0.000000 10.730589
1.000000 0.050000 10.730589
1.000000 0.100000 10.730589
1.000000 0.150000 10.730589
1.000000 0.200000 10.730589
1.000000 0.250000 10.730589
1.000000 0.300000 10.730589
1.000000 0.350000 10.730588
1.000000 0.400000 10.730584
1.000000 0.450000 10.730551
1.000000 0.500000 10.730322
1.000000 0.550000 10.728738
1.000000 0.600000 10.717783
1.000000 0.650000 10.642002
1.000000 0.700000 10.117770
1.000000 0.750000 6.491162
1.000000 0.800000 -18.604800
1.000000 0.850000 -192.635112
1.000000 0.900000 -1418.349675
1.000000 0.950000 -11175.788037
---- Eg=1.050000
1.050000 0.000000 10.289842
1.050000 0.050000 10.289842
1.050000 0.100000 10.289842
1.050000 0.150000 10.289842
1.050000 0.200000 10.289842
1.050000 0.250000 10.289842
1.050000 0.300000 10.289842
1.050000 0.350000 10.289842
1.050000 0.400000 10.289841
1.050000 0.450000 10.289836
1.050000 0.500000 10.289799
1.050000 0.550000 10.289547
1.050000 0.600000 10.287806
1.050000 0.650000 10.275758
1.050000 0.700000 10.192414
1.050000 0.750000 9.615867
1.050000 0.800000 5.627350
1.050000 0.850000 -21.973115
1.050000 0.900000 -213.375334
1.050000 0.950000 -1561.603120
1.050000 1.000000 -12300.557503
---- Eg=1.100000
1.100000 0.000000 9.854918
1.100000 0.050000 9.854918
1.100000 0.100000 9.854918
1.100000 0.150000 9.854918
1.100000 0.200000 9.854918
1.100000 0.250000 9.854918
1.100000 0.300000 9.854918
1.100000 0.350000 9.854918
1.100000 0.400000 9.854918
1.100000 0.450000 9.854917
1.100000 0.500000 9.854912
1.100000 0.550000 9.854872
1.100000 0.600000 9.854596
1.100000 0.650000 9.852689
1.100000 0.700000 9.839496
1.100000 0.750000 9.748229
1.100000 0.800000 9.116880
1.100000 0.850000 4.749232
1.100000 0.900000 -25.474909
1.100000 0.950000 -235.075870
1.100000 1.000000 -1711.656142
1.100000 1.050000 -13479.203755
---- Eg=1.150000
1.150000 0.000000 9.427160
1.150000 0.050000 9.427160
1.150000 0.100000 9.427160
1.150000 0.150000 9.427160
1.150000 0.200000 9.427160
1.150000 0.250000 9.427160
1.150000 0.300000 9.427160
1.150000 0.350000 9.427160
1.150000 0.400000 9.427160
1.150000 0.450000 9.427159
1.150000 0.500000 9.427158
1.150000 0.550000 9.427152
1.150000 0.600000 9.427109
1.150000 0.650000 9.426808
1.150000 0.700000 9.424728
1.150000 0.750000 9.410337
1.150000 0.800000 9.310789
1.150000 0.850000 8.622147
1.150000 0.900000 3.858149
1.150000 0.950000 -29.108840
1.150000 1.000000 -257.735379
1.150000 1.050000 -1868.507402
1.150000 1.100000 -14711.725454
---- Eg=1.200000
1.200000 0.000000 9.007710
1.200000 0.050000 9.007710
1.200000 0.100000 9.007710
1.200000 0.150000 9.007710
1.200000 0.200000 9.007710
1.200000 0.250000 9.007710
1.200000 0.300000 9.007710
1.200000 0.350000 9.007710
1.200000 0.400000 9.007710
1.200000 0.450000 9.007710
1.200000 0.500000 9.007710
1.200000 0.550000 9.007709
1.200000 0.600000 9.007702
1.200000 0.650000 9.007655
1.200000 0.700000 9.007328
1.200000 0.750000 9.005067
1.200000 0.800000 8.989427
1.200000 0.850000 8.881237
1.200000 0.900000 8.132813
1.200000 0.950000 2.955246
1.200000 1.000000 -32.873764
1.200000 1.050000 -281.352717
1.200000 1.100000 -2032.155756
1.200000 1.150000 -15998.121454
---- Eg=1.250000
1.250000 0.000000 8.597538
1.250000 0.050000 8.597538
1.250000 0.100000 8.597538
1.250000 0.150000 8.597538
1.250000 0.200000 8.597538
1.250000 0.250000 8.597538
1.250000 0.300000 8.597538
1.250000 0.350000 8.597538
1.250000 0.400000 8.597538
1.250000 0.450000 8.597538
1.250000 0.500000 8.597538
1.250000 0.550000 8.597538
1.250000 0.600000 8.597537
1.250000 0.650000 8.597529
1.250000 0.700000 8.597478
1.250000 0.750000 8.597124
1.250000 0.800000 8.594675
1.250000 0.850000 8.577734
1.250000 0.900000 8.460542
1.250000 0.950000 7.649847
1.250000 1.000000 2.041490
1.250000 1.050000 -36.768713
1.250000 1.100000 -305.926916
1.250000 1.150000 -2202.600235
1.250000 1.200000 -17338.390788
---- Eg=1.300000
1.300000 0.000000 8.197452
1.300000 0.050000 8.197452
1.300000 0.100000 8.197452
1.300000 0.150000 8.197452
1.300000 0.200000 8.197452
1.300000 0.250000 8.197452
1.300000 0.300000 8.197452
1.300000 0.350000 8.197452
1.300000 0.400000 8.197452
1.300000 0.450000 8.197452
1.300000 0.500000 8.197452
1.300000 0.550000 8.197452
1.300000 0.600000 8.197452
1.300000 0.650000 8.197451
1.300000 0.700000 8.197443
1.300000 0.750000 8.197388
1.300000 0.800000 8.197005
1.300000 0.850000 8.194361
1.300000 0.900000 8.176066
1.300000 0.950000 8.049513
1.300000 1.000000 7.174058
1.300000 1.050000 1.117691
1.300000 1.100000 -40.792878
1.300000 1.150000 -331.457166
1.300000 1.200000 -2379.840029
1.300000 1.250000 -18732.532646
---- Eg=1.350000
1.350000 0.000000 7.808117
1.350000 0.050000 7.808117
1.350000 0.100000 7.808117
1.350000 0.150000 7.808117
1.350000 0.200000 7.808117
1.350000 0.250000 7.808117
1.350000 0.300000 7.808117
1.350000 0.350000 7.808117
1.350000 0.400000 7.808117
1.350000 0.450000 7.808117
1.350000 0.500000 7.808117
1.350000 0.550000 7.808117
1.350000 0.600000 7.808117
1.350000 0.650000 7.808117
1.350000 0.700000 7.808116
1.350000 0.750000 7.808107
1.350000 0.800000 7.808048
1.350000 0.850000 7.807636
1.350000 0.900000 7.804788
1.350000 0.950000 7.785089
1.350000 1.000000 7.648814
1.350000 1.050000 6.706110
1.350000 1.100000 0.184513
1.350000 1.150000 -44.945594
1.350000 1.200000 -357.942804
1.350000 1.250000 -2563.874476
1.350000 1.300000 -20180.546363
---- Eg=1.400000
1.400000 0.000000 7.430068
1.400000 0.050000 7.430068
1.400000 0.100000 7.430068
1.400000 0.150000 7.430068
1.400000 0.200000 7.430068
1.400000 0.250000 7.430068
1.400000 0.300000 7.430068
1.400000 0.350000 7.430068
1.400000 0.400000 7.430068
1.400000 0.450000 7.430068
1.400000 0.500000 7.430068
1.400000 0.550000 7.430068
1.400000 0.600000 7.430068
1.400000 0.650000 7.430068
1.400000 0.700000 7.430068
1.400000 0.750000 7.430067
1.400000 0.800000 7.430057
1.400000 0.850000 7.429993
1.400000 0.900000 7.429551
1.400000 0.950000 7.426493
1.400000 1.000000 7.405336
1.400000 1.050000 7.258980
1.400000 1.100000 6.246538
1.400000 1.150000 -0.757509
1.400000 1.200000 -49.226327
1.400000 1.250000 -385.383293
1.400000 1.300000 -2754.703039
1.400000 1.350000 -21682.431406
---- Eg=1.450000
1.450000 0.000000 7.063723
1.450000 0.050000 7.063723
1.450000 0.100000 7.063723
1.450000 0.150000 7.063723
1.450000 0.200000 7.063723
1.450000 0.250000 7.063723
1.450000 0.300000 7.063723
1.450000 0.350000 7.063723
1.450000 0.400000 7.063723
1.450000 0.450000 7.063723
1.450000 0.500000 7.063723
1.450000 0.550000 7.063723
1.450000 0.600000 7.063723
1.450000 0.650000 7.063723
1.450000 0.700000 7.063723
1.450000 0.750000 7.063723
1.450000 0.800000 7.063721
1.450000 0.850000 7.063711
1.450000 0.900000 7.063643
1.450000 0.950000 7.063169
1.450000 1.000000 7.059893
1.450000 1.050000 7.037226
1.450000 1.100000 6.880429
1.450000 1.150000 5.795760
1.450000 1.200000 -1.707957
1.450000 1.250000 -53.634658
1.450000 1.300000 -413.778217
1.450000 1.350000 -2952.325300
1.450000 1.400000 -23238.187355
---- Eg=1.500000
1.500000 0.000000 6.709394
1.500000 0.050000 6.709394
1.500000 0.100000 6.709394
1.500000 0.150000 6.709394
1.500000 0.200000 6.709394
1.500000 0.250000 6.709394
1.500000 0.300000 6.709394
1.500000 0.350000 6.709394
1.500000 0.400000 6.709394
1.500000 0.450000 6.709394
1.500000 0.500000 6.709394
1.500000 0.550000 6.709394
1.500000 0.600000 6.709394
1.500000 0.650000 6.709394
1.500000 0.700000 6.709394
1.500000 0.750000 6.709394
1.500000 0.800000 6.709394
1.500000 0.850000 6.709392
1.500000 0.900000 6.709381
1.500000 0.950000 6.709308
1.500000 1.000000 6.708802
1.500000 1.050000 6.705300
1.500000 1.100000 6.681072
1.500000 1.150000 6.513474
1.500000 1.200000 5.354088
1.500000 1.250000 -2.666519
1.500000 1.300000 -58.170275
1.500000 1.350000 -443.127263
1.500000 1.400000 -3156.740948
1.500000 1.450000 -24847.813899
---- Eg=1.550000
1.550000 0.000000 6.367299
1.550000 0.050000 6.367299
1.550000 0.100000 6.367299
1.550000 0.150000 6.367299
1.550000 0.200000 6.367299
1.550000 0.250000 6.367299
1.550000 0.300000 6.367299
1.550000 0.350000 6.367299
1.550000 0.400000 6.367299
1.550000 0.450000 6.367299
1.550000 0.500000 6.367299
1.550000 0.550000 6.367299
1.550000 0.600000 6.367299
1.550000 0.650000 6.367299
1.550000 0.700000 6.367299
1.550000 0.750000 6.367299
1.550000 0.800000 6.367299
1.550000 0.850000 6.367299
1.550000 0.900000 6.367297
1.550000 0.950000 6.367286
1.550000 1.000000 6.367208
1.550000 1.050000 6.366668
1.550000 1.100000 6.362933
1.550000 1.150000 6.337092
1.550000 1.200000 6.158333
1.550000 1.250000 4.921741
1.550000 1.300000 -3.632975
1.550000 1.350000 -62.832959
1.550000 1.400000 -473.430212
1.550000 1.450000 -3367.949764
1.550000 1.500000 -26511.310819
---- Eg=1.600000
1.600000 0.000000 6.037573
1.600000 0.050000 6.037573
1.600000 0.100000 6.037573
1.600000 0.150000 6.037573
1.600000 0.200000 6.037573
1.600000 0.250000 6.037573
1.600000 0.300000 6.037573
1.600000 0.350000 6.037573
1.600000 0.400000 6.037573
1.600000 0.450000 6.037573
1.600000 0.500000 6.037573
1.600000 0.550000 6.037573
1.600000 0.600000 6.037573
1.600000 0.650000 6.037573
1.600000 0.700000 6.037573
1.600000 0.750000 6.037573
1.600000 0.800000 6.037573
1.600000 0.850000 6.037573
1.600000 0.900000 6.037573
1.600000 0.950000 6.037571
1.600000 1.000000 6.037559
1.600000 1.050000 6.037476
1.600000 1.100000 6.036901
1.600000 1.150000 6.032925
1.600000 1.200000 6.005419
1.600000 1.250000 5.815140
1.600000 1.300000 4.498853
1.600000 1.350000 -4.607193
1.600000 1.400000 -67.622578
1.600000 1.450000 -504.686931
1.600000 1.500000 -3585.951614
1.600000 1.550000 -28228.677981
---- Eg=1.650000
1.650000 0.000000 5.720275
1.650000 0.050000 5.720275
1.650000 0.100000 5.720275
1.650000 0.150000 5.720275
1.650000 0.200000 5.720275
1.650000 0.250000 5.720275
1.650000 0.300000 5.720275
1.650000 0.350000 5.720275
1.650000 0.400000 5.720275
1.650000 0.450000 5.720275
1.650000 0.500000 5.720275
1.650000 0.550000 5.720275
1.650000 0.600000 5.720275
1.650000 0.650000 5.720275
1.650000 0.700000 5.720275
1.650000 0.750000 5.720275
1.650000 0.800000 5.720275
1.650000 0.850000 5.720275
1.650000 0.900000 5.720275
1.650000 0.950000 5.720274
1.650000 1.000000 5.720272
1.650000 1.050000 5.720260
1.650000 1.100000 5.720171
1.650000 1.150000 5.719561
1.650000 1.200000 5.715336
1.650000 1.250000 5.686112
1.650000 1.300000 5.483953
1.650000 1.350000 4.085482
1.650000 1.400000 -5.589114
1.650000 1.450000 -72.539071
1.650000 1.500000 -536.897361
1.650000 1.550000 -3810.746439
1.650000 1.600000 -29999.915327
---- Eg=1.700000
1.700000 0.000000 5.415395
1.700000 0.050000 5.415395
1.700000 0.100000 5.415395
1.700000 0.150000 5.415395
1.700000 0.200000 5.415395
1.700000 0.250000 5.415395
1.700000 0.300000 5.415395
1.700000 0.350000 5.415395
1.700000 0.400000 5.415395
1.700000 0.450000 5.415395
1.700000 0.500000 5.415395
1.700000 0.550000 5.415395
1.700000 0.600000 5.415395
1.700000 0.650000 5.415395
1.700000 0.700000 5.415395
1.700000 0.750000 5.415395
1.700000 0.800000 5.415395
1.700000 0.850000 5.415395
1.700000 0.900000 5.415395
1.700000 0.950000 5.415395
1.700000 1.000000 5.415395
1.700000 1.050000 5.415393
1.700000 1.100000 5.415379
1.700000 1.150000 5.415286
1.700000 1.200000 5.414638
1.700000 1.250000 5.410158
1.700000 1.300000 5.379164
1.700000 1.350000 5.164765
1.700000 1.400000 3.681621
1.700000 1.450000 -6.578745
1.700000 1.500000 -77.582448
1.700000 1.550000 -570.061509
1.700000 1.600000 -4042.334247
1.700000 1.650000 -31825.022864
---- Eg=1.750000
1.750000 0.000000 5.122868
1.750000 0.050000 5.122868
1.750000 0.100000 5.122868
1.750000 0.150000 5.122868
1.750000 0.200000 5.122868
1.750000 0.250000 5.122868
1.750000 0.300000 5.122868
1.750000 0.350000 5.122868
1.750000 0.400000 5.122868
1.750000 0.450000 5.122868
1.750000 0.500000 5.122868
1.750000 0.550000 5.122868
1.750000 0.600000 5.122868
1.750000 0.650000 5.122868
1.750000 0.700000 5.122868
1.750000 0.750000 5.122868
1.750000 0.800000 5.122868
1.750000 0.850000 5.122868
1.750000 0.900000 5.122868
1.750000 0.950000 5.122868
1.750000 1.000000 5.122868
1.750000 1.050000 5.122868
1.750000 1.100000 5.122866
1.750000 1.150000 5.122851
1.750000 1.200000 5.122752
1.750000 1.250000 5.122066
1.750000 1.300000 5.117323
1.750000 1.350000 5.084508
1.750000 1.400000 4.857509
1.750000 1.450000 3.287203
1.750000 1.500000 -7.576153
1.750000 1.550000 -82.752774
1.750000 1.600000 -604.179443
1.750000 1.650000 -4280.715105
1.750000 1.700000 -33704.000660
---- Eg=1.800000
1.800000 0.000000 4.842575
1.800000 0.050000 4.842575
1.800000 0.100000 4.842575
1.800000 0.150000 4.842575
1.800000 0.200000 4.842575
1.800000 0.250000 4.842575
1.800000 0.300000 4.842575
1.800000 0.350000 4.842575
1.800000 0.400000 4.842575
1.800000 0.450000 4.842575
1.800000 0.500000 4.842575
1.800000 0.550000 4.842575
1.800000 0.600000 4.842575
1.800000 0.650000 4.842575
1.800000 0.700000 4.842575
1.800000 0.750000 4.842575
1.800000 0.800000 4.842575
1.800000 0.850000 4.842575
1.800000 0.900000 4.842575
1.800000 0.950000 4.842575
1.800000 1.000000 4.842575
1.800000 1.050000 4.842575
1.800000 1.100000 4.842575
1.800000 1.150000 4.842573
1.800000 1.200000 4.842558
1.800000 1.250000 4.842453
1.800000 1.300000 4.841728
1.800000 1.350000 4.836713
1.800000 1.400000 4.802025
1.800000 1.450000 4.562066
1.800000 1.500000 2.902109
1.800000 1.550000 -8.581457
1.800000 1.600000 -88.050168
1.800000 1.650000 -639.251281
1.800000 1.700000 -4525.889132
1.800000 1.750000 -35636.848832
---- Eg=1.850000
1.850000 0.000000 4.574353
1.850000 0.050000 4.574353
1.850000 0.100000 4.574353
1.850000 0.150000 4.574353
1.850000 0.200000 4.574353
1.850000 0.250000 4.574353
1.850000 0.300000 4.574353
1.850000 0.350000 4.574353
1.850000 0.400000 4.574353
1.850000 0.450000 4.574353
1.850000 0.500000 4.574353
1.850000 0.550000 4.574353
1.850000 0.600000 4.574353
1.850000 0.650000 4.574353
1.850000 0.700000 4.574353
1.850000 0.750000 4.574353
1.850000 0.800000 4.574353
1.850000 0.850000 4.574353
1.850000 0.900000 4.574353
1.850000 0.950000 4.574353
1.850000 1.000000 4.574353
1.850000 1.050000 4.574353
1.850000 1.100000 4.574353
1.850000 1.150000 4.574353
1.850000 1.200000 4.574351
1.850000 1.250000 4.574335
1.850000 1.300000 4.574224
1.850000 1.350000 4.573459
1.850000 1.400000 4.568166
1.850000 1.450000 4.531553
1.850000 1.500000 4.278274
1.850000 1.550000 2.526176
1.850000 1.600000 -9.594820
1.850000 1.650000 -93.474793
1.850000 1.700000 -675.277186
1.850000 1.750000 -4777.856490
1.850000 1.800000 -37623.567543
---- Eg=1.900000
1.900000 0.000000 4.318000
1.900000 0.050000 4.318000
1.900000 0.100000 4.318000
1.900000 0.150000 4.318000
1.900000 0.200000 4.318000
1.900000 0.250000 4.318000
1.900000 0.300000 4.318000
1.900000 0.350000 4.318000
1.900000 0.400000 4.318000
1.900000 0.450000 4.318000
1.900000 0.500000 4.318000
1.900000 0.550000 4.318000
1.900000 0.600000 4.318000
1.900000 0.650000 4.318000
1.900000 0.700000 4.318000
1.900000 0.750000 4.318000
1.900000 0.800000 4.318000
1.900000 0.850000 4.318000
1.900000 0.900000 4.318000
1.900000 0.950000 4.318000
1.900000 1.000000 4.318000
1.900000 1.050000 4.318000
1.900000 1.100000 4.318000
1.900000 1.150000 4.318000
1.900000 1.200000 4.318000
1.900000 1.250000 4.317997
1.900000 1.300000 4.317980
1.900000 1.350000 4.317864
1.900000 1.400000 4.317057
1.900000 1.450000 4.311479
1.900000 1.500000 4.272888
1.900000 1.550000 4.005930
1.900000 1.600000 2.159202
1.900000 1.650000 -10.616444
1.900000 1.700000 -99.026852
1.900000 1.750000 -712.257360
1.900000 1.800000 -5036.617381
1.900000 1.850000 -39664.156997
---- Eg=1.950000
1.950000 0.000000 4.073280
1.950000 0.050000 4.073280
1.950000 0.100000 4.073280
1.950000 0.150000 4.073280
1.950000 0.200000 4.073280
1.950000 0.250000 4.073280
1.950000 0.300000 4.073280
1.950000 0.350000 4.073280
1.950000 0.400000 4.073280
1.950000 0.450000 4.073280
1.950000 0.500000 4.073280
1.950000 0.550000 4.073280
1.950000 0.600000 4.073280
1.950000 0.650000 4.073280
1.950000 0.700000 4.073280
1.950000 0.750000 4.073280
1.950000 0.800000 4.073280
1.950000 0.850000 4.073280
1.950000 0.900000 4.073280
1.950000 0.950000 4.073280
1.950000 1.000000 4.073280
1.950000 1.050000 4.073280
1.950000 1.100000 4.073280
1.950000 1.150000 4.073280
1.950000 1.200000 4.073280
1.950000 1.250000 4.073280
1.950000 1.300000 4.073277
1.950000 1.350000 4.073260
1.950000 1.400000 4.073137
1.950000 1.450000 4.072288
1.950000 1.500000 4.066416
1.950000 1.550000 4.025796
1.950000 1.600000 3.744798
1.950000 1.650000 1.800952
1.950000 1.700000 -11.646564
1.950000 1.750000 -104.706580
1.950000 1.800000 -750.192039
1.950000 1.850000 -5302.172042
1.950000 1.900000 -41758.617428
---- Eg=2.000000
2.000000 0.000000 3.839930
2.000000 0.050000 3.839930
2.000000 0.100000 3.839930
2.000000 0.150000 3.839930
2.000000 0.200000 3.839930
2.000000 0.250000 3.839930
2.000000 0.300000 3.839930
2.000000 0.350000 3.839930
2.000000 0.400000 3.839930
2.000000 0.450000 3.839930
2.000000 0.500000 3.839930
2.000000 0.550000 3.839930
2.000000 0.600000 3.839930
2.000000 0.650000 3.839930
2.000000 0.700000 3.839930
2.000000 0.750000 3.839930
2.000000 0.800000 3.839930
2.000000 0.850000 3.839930
2.000000 0.900000 3.839930
2.000000 0.950000 3.839930
2.000000 1.000000 3.839930
2.000000 1.050000 3.839930
2.000000 1.100000 3.839930
2.000000 1.150000 3.839930
2.000000 1.200000 3.839930
2.000000 1.250000 3.839930
2.000000 1.300000 3.839930
2.000000 1.350000 3.839927
2.000000 1.400000 3.839909
2.000000 1.450000 3.839780
2.000000 1.500000 3.838887
2.000000 1.550000 3.832714
2.000000 1.600000 3.790012
2.000000 1.650000 3.494616
2.000000 1.700000 1.451161
2.000000 1.750000 -12.685444
2.000000 1.800000 -110.514241
2.000000 1.850000 -789.081486
2.000000 1.900000 -5574.520736
2.000000 1.950000 -43906.949100
---- Eg=2.050000
2.050000 0.000000 3.617663
2.050000 0.050000 3.617663
2.050000 0.100000 3.617663
2.050000 0.150000 3.617663
2.050000 0.200000 3.617663
2.050000 0.250000 3.617663
2.050000 0.300000 3.617663
2.050000 0.350000 3.617663
2.050000 0.400000 3.617663
2.050000 0.450000 3.617663
2.050000 0.500000 3.617663
2.050000 0.550000 3.617663
2.050000 0.600000 3.617663
2.050000 0.650000 3.617663
2.050000 0.700000 3.617663
2.050000 0.750000 3.617663
2.050000 0.800000 3.617663
2.050000 0.850000 3.617663
2.050000 0.900000 3.617663
2.050000 0.950000 3.617663
2.050000 1.000000 3.617663
2.050000 1.050000 3.617663
2.050000 1.100000 3.617663
2.050000 1.150000 3.617663
2.050000 1.200000 3.617663
2.050000 1.250000 3.617663
2.050000 1.300000 3.617663
2.050000 1.350000 3.617663
2.050000 1.400000 3.617660
2.050000 1.450000 3.617640
2.050000 1.500000 3.617505
2.050000 1.550000 3.616568
2.050000 1.600000 3.610086
2.050000 1.650000 3.565251
2.050000 1.700000 3.255096
2.050000 1.750000 1.109544
2.050000 1.800000 -13.733372
2.050000 1.850000 -116.450120
2.050000 1.900000 -828.925989
2.050000 1.950000 -5853.663749
2.050000 2.000000 -46109.152300
---- Eg=2.100000
2.100000 0.000000 3.406172
2.100000 0.050000 3.406172
2.100000 0.100000 3.406172
2.100000 0.150000 3.406172
2.100000 0.200000 3.406172
2.100000 0.250000 3.406172
2.100000 0.300000 3.406172
2.100000 0.350000 3.406172
2.100000 0.400000 3.406172
2.100000 0.450000 3.406172
2.100000 0.500000 3.406172
2.100000 0.550000 3.406172
2.100000 0.600000 3.406172
2.100000 0.650000 3.406172
2.100000 0.700000 3.406172
2.100000 0.750000 3.406172
2.100000 0.800000 3.406172
2.100000 0.850000 3.406172
2.100000 0.900000 3.406172
2.100000 0.950000 3.406172
2.100000 1.000000 3.406172
2.100000 1.050000 3.406172
2.100000 1.100000 3.406172
2.100000 1.150000 3.406172
2.100000 1.200000 3.406172
2.100000 1.250000 3.406172
2.100000 1.300000 3.406172
2.100000 1.350000 3.406172
2.100000 1.400000 3.406172
2.100000 1.450000 3.406169
2.100000 1.500000 3.406148
2.100000 1.550000 3.406006
2.100000 1.600000 3.405024
2.100000 1.650000 3.398226
2.100000 1.700000 3.351205
2.100000 1.750000 3.025932
2.100000 1.800000 0.775793
2.100000 1.850000 -14.790652
2.100000 1.900000 -122.514526
2.100000 1.950000 -869.725853
2.100000 2.000000 -6139.601388
2.100000 2.050000 -48365.227334
---- Eg=2.150000
2.150000 0.000000 3.205136
2.150000 0.050000 3.205136
2.150000 0.100000 3.205136
2.150000 0.150000 3.205136
2.150000 0.200000 3.205136
2.150000 0.250000 3.205136
2.150000 0.300000 3.205136
2.150000 0.350000 3.205136
2.150000 0.400000 3.205136
2.150000 0.450000 3.205136
2.150000 0.500000 3.205136
2.150000 0.550000 3.205136
2.150000 0.600000 3.205136
2.150000 0.650000 3.205136
2.150000 0.700000 3.205136
2.150000 0.750000 3.205136
2.150000 0.800000 3.205136
2.150000 0.850000 3.205136
2.150000 0.900000 3.205136
2.150000 0.950000 3.205136
2.150000 1.000000 3.205136
2.150000 1.050000 3.205136
2.150000 1.100000 3.205136
2.150000 1.150000 3.205136
2.150000 1.200000 3.205136
2.150000 1.250000 3.205136
2.150000 1.300000 3.205136
2.150000 1.350000 3.205136
2.150000 1.400000 3.205136
2.150000 1.450000 3.205136
2.150000 1.500000 3.205133
2.150000 1.550000 3.205111
2.150000 1.600000 3.204962
2.150000 1.650000 3.203933
2.150000 1.700000 3.196812
2.150000 1.750000 3.147554
2.150000 1.800000 2.806801
2.150000 1.850000 0.449588
2.150000 1.900000 -15.857608
2.150000 1.950000 -128.707779
2.150000 2.000000 -911.481400
2.150000 2.050000 -6432.333975
2.150000 2.100000 -50675.174524
---- Eg=2.200000
2.200000 0.000000 3.014222
2.200000 0.050000 3.014222
2.200000 0.100000 3.014222
2.200000 0.150000 3.014222
2.200000 0.200000 3.014222
2.200000 0.250000 3.014222
2.200000 0.300000 3.014222
2.200000 0.350000 3.014222
2.200000 0.400000 3.014222
2.200000 0.450000 3.014222
2.200000 0.500000 3.014222
2.200000 0.550000 3.014222
2.200000 0.600000 3.014222
2.200000 0.650000 3.014222
2.200000 0.700000 3.014222
2.200000 0.750000 3.014222
2.200000 0.800000 3.014222
2.200000 0.850000 3.014222
2.200000 0.900000 3.014222
2.200000 0.950000 3.014222
2.200000 1.000000 3.014222
2.200000 1.050000 3.014222
2.200000 1.100000 3.014222
2.200000 1.150000 3.014222
2.200000 1.200000 3.014222
2.200000 1.250000 3.014222
2.200000 1.300000 3.014222
2.200000 1.350000 3.014222
2.200000 1.400000 3.014222
2.200000 1.450000 3.014222
2.200000 1.500000 3.014221
2.200000 1.550000 3.014218
2.200000 1.600000 3.014195
2.200000 1.650000 3.014040
2.200000 1.700000 3.012962
2.200000 1.750000 3.005511
2.200000 1.800000 2.953963
2.200000 1.850000 2.597372
2.200000 1.900000 0.130594
2.200000 1.950000 -16.934572
2.200000 2.000000 -135.030213
2.200000 2.050000 -954.192964
2.200000 2.100000 -6731.861843
2.200000 2.150000 -53038.994203
---- Eg=2.250000
2.250000 0.000000 2.833086
2.250000 0.050000 2.833086
2.250000 0.100000 2.833086
2.250000 0.150000 2.833086
2.250000 0.200000 2.833086
2.250000 0.250000 2.833086
2.250000 0.300000 2.833086
2.250000 0.350000 2.833086
2.250000 0.400000 2.833086
2.250000 0.450000 2.833086
2.250000 0.500000 2.833086
2.250000 0.550000 2.833086
2.250000 0.600000 2.833086
2.250000 0.650000 2.833086
2.250000 0.700000 2.833086
2.250000 0.750000 2.833086
2.250000 0.800000 2.833086
2.250000 0.850000 2.833086
2.250000 0.900000 2.833086
2.250000 0.950000 2.833086
2.250000 1.000000 2.833086
2.250000 1.050000 2.833086
2.250000 1.100000 2.833086
2.250000 1.150000 2.833086
2.250000 1.200000 2.833086
2.250000 1.250000 2.833086
2.250000 1.300000 2.833086
2.250000 1.350000 2.833086
2.250000 1.400000 2.833086
2.250000 1.450000 2.833086
2.250000 1.500000 2.833086
2.250000 1.550000 2.833085
2.250000 1.600000 2.833082
2.250000 1.650000 2.833058
2.250000 1.700000 2.832895
2.250000 1.750000 2.831769
2.250000 1.800000 2.823979
2.250000 1.850000 2.770089
2.250000 1.900000 2.397301
2.250000 1.950000 -0.181531
2.250000 2.000000 -18.021887
2.250000 2.050000 -141.482170
2.250000 2.100000 -997.860887
2.250000 2.150000 -7038.185334
2.250000 2.200000 -55456.686715
---- Eg=2.300000
2.300000 0.000000 2.661380
2.300000 0.050000 2.661380
2.300000 0.100000 2.661380
2.300000 0.150000 2.661380
2.300000 0.200000 2.661380
2.300000 0.250000 2.661380
2.300000 0.300000 2.661380
2.300000 0.350000 2.661380
2.300000 0.400000 2.661380
2.300000 0.450000 2.661380
2.300000 0.500000 2.661380
2.300000 0.550000 2.661380
2.300000 0.600000 2.661380
2.300000 0.650000 2.661380
2.300000 0.700000 2.661380
2.300000 0.750000 2.661380
2.300000 0.800000 2.661380
2.300000 0.850000 2.661380
2.300000 0.900000 2.661380
2.300000 0.950000 2.661380
2.300000 1.000000 2.661380
2.300000 1.050000 2.661380
2.300000 1.100000 2.661380
2.300000 1.150000 2.661380
2.300000 1.200000 2.661380
2.300000 1.250000 2.661380
2.300000 1.300000 2.661380
2.300000 1.350000 2.661380
2.300000 1.400000 2.661380
2.300000 1.450000 2.661380
2.300000 1.500000 2.661380
2.300000 1.550000 2.661380
2.300000 1.600000 2.661380
2.300000 1.650000 2.661376
2.300000 1.700000 2.661352
2.300000 1.750000 2.661182
2.300000 1.800000 2.660006
2.300000 1.850000 2.651869
2.300000 1.900000 2.595586
2.300000 1.950000 2.206239
2.300000 2.000000 -0.487135
2.300000 2.050000 -19.119901
2.300000 2.100000 -148.063999
2.300000 2.150000 -1042.485518
2.300000 2.200000 -7351.304798
2.300000 2.250000 -57928.252406
---- Eg=2.350000
2.350000 0.000000 2.498754
2.350000 0.050000 2.498754
2.350000 0.100000 2.498754
2.350000 0.150000 2.498754
2.350000 0.200000 2.498754
2.350000 0.250000 2.498754
2.350000 0.300000 2.498754
2.350000 0.350000 2.498754
2.350000 0.400000 2.498754
2.350000 0.450000 2.498754
2.350000 0.500000 2.498754
2.350000 0.550000 2.498754
2.350000 0.600000 2.498754
2.350000 0.650000 2.498754
2.350000 0.700000 2.498754
2.350000 0.750000 2.498754
2.350000 0.800000 2.498754
2.350000 0.850000 2.498754
2.350000 0.900000 2.498754
2.350000 0.950000 2.498754
2.350000 1.000000 2.498754
2.350000 1.050000 2.498754
2.350000 1.100000 2.498754
2.350000 1.150000 2.498754
2.350000 1.200000 2.498754
2.350000 1.250000 2.498754
2.350000 1.300000 2.498754
2.350000 1.350000 2.498754
2.350000 1.400000 2.498754
2.350000 1.450000 2.498754
2.350000 1.500000 2.498754
2.350000 1.550000 2.498754
2.350000 1.600000 2.498754
2.350000 1.650000 2.498753
2.350000 1.700000 2.498749
2.350000 1.750000 2.498724
2.350000 1.800000 2.498546
2.350000 1.850000 2.497319
2.350000 1.900000 2.488829
2.350000 1.950000 2.430101
2.350000 2.000000 2.023836
2.350000 2.050000 -0.786571
2.350000 2.100000 -20.228966
2.350000 2.150000 -154.776051
2.350000 2.200000 -1088.067208
2.350000 2.250000 -7671.220585
2.350000 2.300000 -60453.691630
---- Eg=2.400000
2.400000 0.000000 2.344853
2.400000 0.050000 2.344853
2.400000 0.100000 2.344853
2.400000 0.150000 2.344853
2.400000 0.200000 2.344853
2.400000 0.250000 2.344853
2.400000 0.300000 2.344853
2.400000 0.350000 2.344853
2.400000 0.400000 2.344853
2.400000 0.450000 2.344853
2.400000 0.500000 2.344853
2.400000 0.550000 2.344853
2.400000 0.600000 2.344853
2.400000 0.650000 2.344853
2.400000 0.700000 2.344853
2.400000 0.750000 2.344853
2.400000 0.800000 2.344853
2.400000 0.850000 2.344853
2.400000 0.900000 2.344853
2.400000 0.950000 2.344853
2.400000 1.000000 2.344853
2.400000 1.050000 2.344853
2.400000 1.100000 2.344853
2.400000 1.150000 2.344853
2.400000 1.200000 2.344853
2.400000 1.250000 2.344853
2.400000 1.300000 2.344853
2.400000 1.350000 2.344853
2.400000 1.400000 2.344853
2.400000 1.450000 2.344853
2.400000 1.500000 2.344853
2.400000 1.550000 2.344853
2.400000 1.600000 2.344853
2.400000 1.650000 2.344853
2.400000 1.700000 2.344852
2.400000 1.750000 2.344848
2.400000 1.800000 2.344821
2.400000 1.850000 2.344636
2.400000 1.900000 2.343357
2.400000 1.950000 2.334506
2.400000 2.000000 2.273280
2.400000 2.050000 1.849738
2.400000 2.100000 -1.080190
2.400000 2.150000 -21.349436
2.400000 2.200000 -161.618681
2.400000 2.250000 -1134.606311
2.400000 2.300000 -7997.933050
2.400000 2.350000 -63033.004738
---- Eg=2.450000
2.450000 0.000000 2.199325
2.450000 0.050000 2.199325
2.450000 0.100000 2.199325
2.450000 0.150000 2.199325
2.450000 0.200000 2.199325
2.450000 0.250000 2.199325
2.450000 0.300000 2.199325
2.450000 0.350000 2.199325
2.450000 0.400000 2.199325
2.450000 0.450000 2.199325
2.450000 0.500000 2.199325
2.450000 0.550000 2.199325
2.450000 0.600000 2.199325
2.450000 0.650000 2.199325
2.450000 0.700000 2.199325
2.450000 0.750000 2.199325
2.450000 0.800000 2.199325
2.450000 0.850000 2.199325
2.450000 0.900000 2.199325
2.450000 0.950000 2.199325
2.450000 1.000000 2.199325
2.450000 1.050000 2.199325
2.450000 1.100000 2.199325
2.450000 1.150000 2.199325
2.450000 1.200000 2.199325
2.450000 1.250000 2.199325
2.450000 1.300000 2.199325
2.450000 1.350000 2.199325
2.450000 1.400000 2.199325
2.450000 1.450000 2.199325
2.450000 1.500000 2.199325
2.450000 1.550000 2.199325
2.450000 1.600000 2.199325
2.450000 1.650000 2.199325
2.450000 1.700000 2.199325
2.450000 1.750000 2.199324
2.450000 1.800000 2.199320
2.450000 1.850000 2.199292
2.450000 1.900000 2.199099
2.450000 1.950000 2.197767
2.450000 2.000000 2.188547
2.450000 2.050000 2.124771
2.450000 2.100000 1.683592
2.450000 2.150000 -1.368346
2.450000 2.200000 -22.481662
2.450000 2.250000 -168.592239
2.450000 2.300000 -1182.103179
2.450000 2.350000 -8331.442543
2.450000 2.400000 -65666.192085
---- Eg=2.500000
2.500000 0.000000 2.061820
2.500000 0.050000 2.061820
2.500000 0.100000 2.061820
2.500000 0.150000 2.061820
2.500000 0.200000 2.061820
2.500000 0.250000 2.061820
2.500000 0.300000 2.061820
2.500000 0.350000 2.061820
2.500000 0.400000 2.061820
2.500000 0.450000 2.061820
2.500000 0.500000 2.061820
2.500000 0.550000 2.061820
2.500000 0.600000 2.061820
2.500000 0.650000 2.061820
2.500000 0.700000 2.061820
2.500000 0.750000 2.061820
2.500000 0.800000 2.061820
2.500000 0.850000 2.061820
2.500000 0.900000 2.061820
2.500000 0.950000 2.061820
2.500000 1.000000 2.061820
2.500000 1.050000 2.061820
2.500000 1.100000 2.061820
2.500000 1.150000 2.061820
2.500000 1.200000 2.061820
2.500000 1.250000 2.061820
2.500000 1.300000 2.061820
2.500000 1.350000 2.061820
2.500000 1.400000 2.061820
2.500000 1.450000 2.061820
2.500000 1.500000 2.061820
2.500000 1.550000 2.061820
2.500000 1.600000 2.061820
2.500000 1.650000 2.061820
2.500000 1.700000 2.061820
2.500000 1.750000 2.061820
2.500000 1.800000 2.061819
2.500000 1.850000 2.061815
2.500000 1.900000 2.061786
2.500000 1.950000 2.061585
2.500000 2.000000 2.060198
2.500000 2.050000 2.050603
2.500000 2.100000 1.984225
2.500000 2.150000 1.525048
2.500000 2.200000 -1.651389
2.500000 2.250000 -23.625995
2.500000 2.300000 -175.697076
2.500000 2.350000 -1230.558161
2.500000 2.400000 -8671.749416
2.500000 2.450000 -68353.254019
---- Eg=2.550000
2.550000 0.000000 1.931992
2.550000 0.050000 1.931992
2.550000 0.100000 1.931992
2.550000 0.150000 1.931992
2.550000 0.200000 1.931992
2.550000 0.250000 1.931992
2.550000 0.300000 1.931992
2.550000 0.350000 1.931992
2.550000 0.400000 1.931992
2.550000 0.450000 1.931992
2.550000 0.500000 1.931992
2.550000 0.550000 1.931992
2.550000 0.600000 1.931992
2.550000 0.650000 1.931992
2.550000 0.700000 1.931992
2.550000 0.750000 1.931992
2.550000 0.800000 1.931992
2.550000 0.850000 1.931992
2.550000 0.900000 1.931992
2.550000 0.950000 1.931992
2.550000 1.000000 1.931992
2.550000 1.050000 1.931992
2.550000 1.100000 1.931992
2.550000 1.150000 1.931992
2.550000 1.200000 1.931992
2.550000 1.250000 1.931992
2.550000 1.300000 1.931992
2.550000 1.350000 1.931992
2.550000 1.400000 1.931992
2.550000 1.450000 1.931992
2.550000 1.500000 1.931992
2.550000 1.550000 1.931992
2.550000 1.600000 1.931992
2.550000 1.650000 1.931992
2.550000 1.700000 1.931992
2.550000 1.750000 1.931992
2.550000 1.800000 1.931992
2.550000 1.850000 1.931991
2.550000 1.900000 1.931987
2.550000 1.950000 1.931956
2.550000 2.000000 1.931748
2.550000 2.050000 1.930305
2.550000 2.100000 1.920326
2.550000 2.150000 1.851295
2.550000 2.200000 1.373761
2.550000 2.250000 -1.929665
2.550000 2.300000 -24.782781
2.550000 2.350000 -182.933539
2.550000 2.400000 -1279.971605
2.550000 2.450000 -9018.854015
2.550000 2.500000 -71094.190886
---- Eg=2.600000
2.600000 0.000000 1.809500
2.600000 0.050000 1.809500
2.600000 0.100000 1.809500
2.600000 0.150000 1.809500
2.600000 0.200000 1.809500
2.600000 0.250000 1.809500
2.600000 0.300000 1.809500
2.600000 0.350000 1.809500
2.600000 0.400000 1.809500
2.600000 0.450000 1.809500
2.600000 0.500000 1.809500
2.600000 0.550000 1.809500
2.600000 0.600000 1.809500
2.600000 0.650000 1.809500
2.600000 0.700000 1.809500
2.600000 0.750000 1.809500
2.600000 0.800000 1.809500
2.600000 0.850000 1.809500
2.600000 0.900000 1.809500
2.600000 0.950000 1.809500
2.600000 1.000000 1.809500
2.600000 1.050000 1.809500
2.600000 1.100000 1.809500
2.600000 1.150000 1.809500
2.600000 1.200000 1.809500
2.600000 1.250000 1.809500
2.600000 1.300000 1.809500
2.600000 1.350000 1.809500
2.600000 1.400000 1.809500
2.600000 1.450000 1.809500
2.600000 1.500000 1.809500
2.600000 1.550000 1.809500
2.600000 1.600000 1.809500
2.600000 1.650000 1.809500
2.600000 1.700000 1.809500
2.600000 1.750000 1.809500
2.600000 1.800000 1.809500
2.600000 1.850000 1.809500
2.600000 1.900000 1.809499
2.600000 1.950000 1.809494
2.600000 2.000000 1.809463
2.600000 2.050000 1.809246
2.600000 2.100000 1.807747
2.600000 2.150000 1.797377
2.600000 2.200000 1.725640
2.600000 2.250000 1.229389
2.600000 2.300000 -2.203515
2.600000 2.350000 -25.952360
2.600000 2.400000 -190.301968
2.600000 2.450000 -1330.343850
2.600000 2.500000 -9372.756680
2.600000 2.550000 -73889.003029
---- Eg=2.650000
2.650000 0.000000 1.694009
2.650000 0.050000 1.694009
2.650000 0.100000 1.694009
2.650000 0.150000 1.694009
2.650000 0.200000 1.694009
2.650000 0.250000 1.694009
2.650000 0.300000 1.694009
2.650000 0.350000 1.694009
2.650000 0.400000 1.694009
2.650000 0.450000 1.694009
2.650000 0.500000 1.694009
2.650000 0.550000 1.694009
2.650000 0.600000 1.694009
2.650000 0.650000 1.694009
2.650000 0.700000 1.694009
2.650000 0.750000 1.694009
2.650000 0.800000 1.694009
2.650000 0.850000 1.694009
2.650000 0.900000 1.694009
2.650000 0.950000 1.694009
2.650000 1.000000 1.694009
2.650000 1.050000 1.694009
2.650000 1.100000 1.694009
2.650000 1.150000 1.694009
2.650000 1.200000 1.694009
2.650000 1.250000 1.694009
2.650000 1.300000 1.694009
2.650000 1.350000 1.694009
2.650000 1.400000 1.694009
2.650000 1.450000 1.694009
2.650000 1.500000 1.694009
2.650000 1.550000 1.694009
2.650000 1.600000 1.694009
2.650000 1.650000 1.694009
2.650000 1.700000 1.694009
2.650000 1.750000 1.694009
2.650000 1.800000 1.694009
2.650000 1.850000 1.694009
2.650000 1.900000 1.694009
2.650000 1.950000 1.694008
2.650000 2.000000 1.694004
2.650000 2.050000 1.693971
2.650000 2.100000 1.693746
2.650000 2.150000 1.692189
2.650000 2.200000 1.681421
2.650000 2.250000 1.606926
2.650000 2.300000 1.091598
2.650000 2.350000 -2.473272
2.650000 2.400000 -27.135068
2.650000 2.450000 -197.802698
2.650000 2.500000 -1381.675233
2.650000 2.550000 -9733.457746
2.650000 2.600000 -76737.690780
---- Eg=2.700000
2.700000 0.000000 1.585193
2.700000 0.050000 1.585193
2.700000 0.100000 1.585193
2.700000 0.150000 1.585193
2.700000 0.200000 1.585193
2.700000 0.250000 1.585193
2.700000 0.300000 1.585193
2.700000 0.350000 1.585193
2.700000 0.400000 1.585193
2.700000 0.450000 1.585193
2.700000 0.500000 1.585193
2.700000 0.550000 1.585193
2.700000 0.600000 1.585193
2.700000 0.650000 1.585193
2.700000 0.700000 1.585193
2.700000 0.750000 1.585193
2.700000 0.800000 1.585193
2.700000 0.850000 1.585193
2.700000 0.900000 1.585193
2.700000 0.950000 1.585193
2.700000 1.000000 1.585193
2.700000 1.050000 1.585193
2.700000 1.100000 1.585193
2.700000 1.150000 1.585193
2.700000 1.200000 1.585193
2.700000 1.250000 1.585193
2.700000 1.300000 1.585193
2.700000 1.350000 1.585193
2.700000 1.400000 1.585193
2.700000 1.450000 1.585193
2.700000 1.500000 1.585193
2.700000 1.550000 1.585193
2.700000 1.600000 1.585193
2.700000 1.650000 1.585193
2.700000 1.700000 1.585193
2.700000 1.750000 1.585193
2.700000 1.800000 1.585193
2.700000 1.850000 1.585193
2.700000 1.900000 1.585193
2.700000 1.950000 1.585193
2.700000 2.000000 1.585192
2.700000 2.050000 1.585187
2.700000 2.100000 1.585153
2.700000 2.150000 1.584920
2.700000 2.200000 1.583304
2.700000 2.250000 1.572129
2.700000 2.300000 1.494825
2.700000 2.350000 0.960060
2.700000 2.400000 -2.739266
2.700000 2.450000 -28.331231
2.700000 2.500000 -205.436056
2.700000 2.550000 -1433.966079
2.700000 2.600000 -10100.957540
2.700000 2.650000 -79640.254469
---- Eg=2.750000
2.750000 0.000000 1.482731
2.750000 0.050000 1.482731
2.750000 0.100000 1.482731
2.750000 0.150000 1.482731
2.750000 0.200000 1.482731
2.750000 0.250000 1.482731
2.750000 0.300000 1.482731
2.750000 0.350000 1.482731
2.750000 0.400000 1.482731
2.750000 0.450000 1.482731
2.750000 0.500000 1.482731
2.750000 0.550000 1.482731
2.750000 0.600000 1.482731
2.750000 0.650000 1.482731
2.750000 0.700000 1.482731
2.750000 0.750000 1.482731
2.750000 0.800000 1.482731
2.750000 0.850000 1.482731
2.750000 0.900000 1.482731
2.750000 0.950000 1.482731
2.750000 1.000000 1.482731
2.750000 1.050000 1.482731
2.750000 1.100000 1.482731
2.750000 1.150000 1.482731
2.750000 1.200000 1.482731
2.750000 1.250000 1.482731
2.750000 1.300000 1.482731
2.750000 1.350000 1.482731
2.750000 1.400000 1.482731
2.750000 1.450000 1.482731
2.750000 1.500000 1.482731
2.750000 1.550000 1.482731
2.750000 1.600000 1.482731
2.750000 1.650000 1.482731
2.750000 1.700000 1.482731
2.750000 1.750000 1.482731
2.750000 1.800000 1.482731
2.750000 1.850000 1.482731
2.750000 1.900000 1.482731
2.750000 1.950000 1.482731
2.750000 2.000000 1.482731
2.750000 2.050000 1.482730
2.750000 2.100000 1.482725
2.750000 2.150000 1.482690
2.750000 2.200000 1.482448
2.750000 2.250000 1.480773
2.750000 2.300000 1.469184
2.750000 2.350000 1.389018
2.750000 2.400000 0.834457
2.750000 2.450000 -3.001814
2.750000 2.500000 -29.541170
2.750000 2.550000 -213.202361
2.750000 2.600000 -1487.216709
2.750000 2.650000 -10475.256382
2.750000 2.700000 -82596.694413
---- Eg=2.800000
2.800000 0.000000 1.386313
2.800000 0.050000 1.386313
2.800000 0.100000 1.386313
2.800000 0.150000 1.386313
2.800000 0.200000 1.386313
2.800000 0.250000 1.386313
2.800000 0.300000 1.386313
2.800000 0.350000 1.386313
2.800000 0.400000 1.386313
2.800000 0.450000 1.386313
2.800000 0.500000 1.386313
2.800000 0.550000 1.386313
2.800000 0.600000 1.386313
2.800000 0.650000 1.386313
2.800000 0.700000 1.386313
2.800000 0.750000 1.386313
2.800000 0.800000 1.386313
2.800000 0.850000 1.386313
2.800000 0.900000 1.386313
2.800000 0.950000 1.386313
2.800000 1.000000 1.386313
2.800000 1.050000 1.386313
2.800000 1.100000 1.386313
2.800000 1.150000 1.386313
2.800000 1.200000 1.386313
2.800000 1.250000 1.386313
2.800000 1.300000 1.386313
2.800000 1.350000 1.386313
2.800000 1.400000 1.386313
2.800000 1.450000 1.386313
2.800000 1.500000 1.386313
2.800000 1.550000 1.386313
2.800000 1.600000 1.386313
2.800000 1.650000 1.386313
2.800000 1.700000 1.386313
2.800000 1.750000 1.386313
2.800000 1.800000 1.386313
2.800000 1.850000 1.386313
2.800000 1.900000 1.386313
2.800000 1.950000 1.386313
2.800000 2.000000 1.386313
2.800000 2.050000 1.386313
2.800000 2.100000 1.386312
2.800000 2.150000 1.386307
2.800000 2.200000 1.386271
2.800000 2.250000 1.386020
2.800000 2.300000 1.384284
2.800000 2.350000 1.372274
2.800000 2.400000 1.289194
2.800000 2.450000 0.714477
2.800000 2.500000 -3.261229
2.800000 2.550000 -30.765194
2.800000 2.600000 -221.101925
2.800000 2.650000 -1541.427432
2.800000 2.700000 -10856.354583
2.800000 2.750000 -85607.010924
---- Eg=2.850000
2.850000 0.000000 1.295638
2.850000 0.050000 1.295638
2.850000 0.100000 1.295638
2.850000 0.150000 1.295638
2.850000 0.200000 1.295638
2.850000 0.250000 1.295638
2.850000 0.300000 1.295638
2.850000 0.350000 1.295638
2.850000 0.400000 1.295638
2.850000 0.450000 1.295638
2.850000 0.500000 1.295638
2.850000 0.550000 1.295638
2.850000 0.600000 1.295638
2.850000 0.650000 1.295638
2.850000 0.700000 1.295638
2.850000 0.750000 1.295638
2.850000 0.800000 1.295638
2.850000 0.850000 1.295638
2.850000 0.900000 1.295638
2.850000 0.950000 1.295638
2.850000 1.000000 1.295638
2.850000 1.050000 1.295638
2.850000 1.100000 1.295638
2.850000 1.150000 1.295638
2.850000 1.200000 1.295638
2.850000 1.250000 1.295638
2.850000 1.300000 1.295638
2.850000 1.350000 1.295638
2.850000 1.400000 1.295638
2.850000 1.450000 1.295638
2.850000 1.500000 1.295638
2.850000 1.550000 1.295638
2.850000 1.600000 1.295638
2.850000 1.650000 1.295638
2.850000 1.700000 1.295638
2.850000 1.750000 1.295638
2.850000 1.800000 1.295638
2.850000 1.850000 1.295638
2.850000 1.900000 1.295638
2.850000 1.950000 1.295638
2.850000 2.000000 1.295638
2.850000 2.050000 1.295638
2.850000 2.100000 1.295638
2.850000 2.150000 1.295637
2.850000 2.200000 1.295632
2.850000 2.250000 1.295594
2.850000 2.300000 1.295334
2.850000 2.350000 1.293536
2.850000 2.400000 1.281098
2.850000 2.450000 1.195052
2.850000 2.500000 0.599819
2.850000 2.550000 -3.517810
2.850000 2.600000 -32.003606
2.850000 2.650000 -229.135048
2.850000 2.700000 -1596.598551
2.850000 2.750000 -11244.252443
2.850000 2.800000 -88671.204303
---- Eg=2.900000
2.900000 0.000000 1.210414
2.900000 0.050000 1.210414
2.900000 0.100000 1.210414
2.900000 0.150000 1.210414
2.900000 0.200000 1.210414
2.900000 0.250000 1.210414
2.900000 0.300000 1.210414
2.900000 0.350000 1.210414
2.900000 0.400000 1.210414
2.900000 0.450000 1.210414
2.900000 0.500000 1.210414
2.900000 0.550000 1.210414
2.900000 0.600000 1.210414
2.900000 0.650000 1.210414
2.900000 0.700000 1.210414
2.900000 0.750000 1.210414
2.900000 0.800000 1.210414
2.900000 0.850000 1.210414
2.900000 0.900000 1.210414
2.900000 0.950000 1.210414
2.900000 1.000000 1.210414
2.900000 1.050000 1.210414
2.900000 1.100000 1.210414
2.900000 1.150000 1.210414
2.900000 1.200000 1.210414
2.900000 1.250000 1.210414
2.900000 1.300000 1.210414
2.900000 1.350000 1.210414
2.900000 1.400000 1.210414
2.900000 1.450000 1.210414
2.900000 1.500000 1.210414
2.900000 1.550000 1.210414
2.900000 1.600000 1.210414
2.900000 1.650000 1.210414
2.900000 1.700000 1.210414
2.900000 1.750000 1.210414
2.900000 1.800000 1.210414
2.900000 1.850000 1.210414
2.900000 1.900000 1.210414
2.900000 1.950000 1.210414
2.900000 2.000000 1.210414
2.900000 2.050000 1.210414
2.900000 2.100000 1.210414
2.900000 2.150000 1.210414
2.900000 2.200000 1.210413
2.900000 2.250000 1.210407
2.900000 2.300000 1.210368
2.900000 2.350000 1.210099
2.900000 2.400000 1.208238
2.900000 2.450000 1.195363
2.900000 2.500000 1.106300
2.900000 2.550000 0.490191
2.900000 2.600000 -3.771851
2.900000 2.650000 -33.256696
2.900000 2.700000 -237.302023
2.900000 2.750000 -1652.730358
2.900000 2.800000 -11638.950256
2.900000 2.850000 -91789.274842
---- Eg=2.950000
2.950000 0.000000 1.130358
2.950000 0.050000 1.130358
2.950000 0.100000 1.130358
2.950000 0.150000 1.130358
2.950000 0.200000 1.130358
2.950000 0.250000 1.130358
2.950000 0.300000 1.130358
2.950000 0.350000 1.130358
2.950000 0.400000 1.130358
2.950000 0.450000 1.130358
2.950000 0.500000 1.130358
2.950000 0.550000 1.130358
2.950000 0.600000 1.130358
2.950000 0.650000 1.130358
2.950000 0.700000 1.130358
2.950000 0.750000 1.130358
2.950000 0.800000 1.130358
2.950000 0.850000 1.130358
2.950000 0.900000 1.130358
2.950000 0.950000 1.130358
2.950000 1.000000 1.130358
2.950000 1.050000 1.130358
2.950000 1.100000 1.130358
2.950000 1.150000 1.130358
2.950000 1.200000 1.130358
2.950000 1.250000 1.130358
2.950000 1.300000 1.130358
2.950000 1.350000 1.130358
2.950000 1.400000 1.130358
2.950000 1.450000 1.130358
2.950000 1.500000 1.130358
2.950000 1.550000 1.130358
2.950000 1.600000 1.130358
2.950000 1.650000 1.130358
2.950000 1.700000 1.130358
2.950000 1.750000 1.130358
2.950000 1.800000 1.130358
2.950000 1.850000 1.130358
2.950000 1.900000 1.130358
2.950000 1.950000 1.130358
2.950000 2.000000 1.130358
2.950000 2.050000 1.130358
2.950000 2.100000 1.130358
2.950000 2.150000 1.130358
2.950000 2.200000 1.130358
2.950000 2.250000 1.130357
2.950000 2.300000 1.130351
2.950000 2.350000 1.130311
2.950000 2.400000 1.130033
2.950000 2.450000 1.128107
2.950000 2.500000 1.114789
2.950000 2.550000 1.022655
2.950000 2.600000 0.385311
2.950000 2.650000 -4.023632
2.950000 2.700000 -34.524748
2.950000 2.750000 -245.603132
2.950000 2.800000 -1709.823134
2.950000 2.850000 -12040.448302
2.950000 2.900000 -94961.222823
---- Eg=3.000000
3.000000 0.000000 1.055199
3.000000 0.050000 1.055199
3.000000 0.100000 1.055199
3.000000 0.150000 1.055199
3.000000 0.200000 1.055199
3.000000 0.250000 1.055199
3.000000 0.300000 1.055199
3.000000 0.350000 1.055199
3.000000 0.400000 1.055199
3.000000 0.450000 1.055199
3.000000 0.500000 1.055199
3.000000 0.550000 1.055199
3.000000 0.600000 1.055199
3.000000 0.650000 1.055199
3.000000 0.700000 1.055199
3.000000 0.750000 1.055199
3.000000 0.800000 1.055199
3.000000 0.850000 1.055199
3.000000 0.900000 1.055199
3.000000 0.950000 1.055199
3.000000 1.000000 1.055199
3.000000 1.050000 1.055199
3.000000 1.100000 1.055199
3.000000 1.150000 1.055199
3.000000 1.200000 1.055199
3.000000 1.250000 1.055199
3.000000 1.300000 1.055199
3.000000 1.350000 1.055199
3.000000 1.400000 1.055199
3.000000 1.450000 1.055199
3.000000 1.500000 1.055199
3.000000 1.550000 1.055199
3.000000 1.600000 1.055199
3.000000 1.650000 1.055199
3.000000 1.700000 1.055199
3.000000 1.750000 1.055199
3.000000 1.800000 1.055199
3.000000 1.850000 1.055199
3.000000 1.900000 1.055199
3.000000 1.950000 1.055199
3.000000 2.000000 1.055199
3.000000 2.050000 1.055199
3.000000 2.100000 1.055199
3.000000 2.150000 1.055199
3.000000 2.200000 1.055199
3.000000 2.250000 1.055199
3.000000 2.300000 1.055198
3.000000 2.350000 1.055192
3.000000 2.400000 1.055150
3.000000 2.450000 1.054862
3.000000 2.500000 1.052872
3.000000 2.550000 1.039102
3.000000 2.600000 0.943847
3.000000 2.650000 0.284907
3.000000 2.700000 -4.273427
3.000000 2.750000 -35.808033
3.000000 2.800000 -254.038645
3.000000 2.850000 -1767.877151
3.000000 2.900000 -12448.746853
3.000000 2.950000 -98187.048518
---- Eg=3.050000
3.050000 0.000000 0.984675
3.050000 0.050000 0.984675
3.050000 0.100000 0.984675
3.050000 0.150000 0.984675
3.050000 0.200000 0.984675
3.050000 0.250000 0.984675
3.050000 0.300000 0.984675
3.050000 0.350000 0.984675
3.050000 0.400000 0.984675
3.050000 0.450000 0.984675
3.050000 0.500000 0.984675
3.050000 0.550000 0.984675
3.050000 0.600000 0.984675
3.050000 0.650000 0.984675
3.050000 0.700000 0.984675
3.050000 0.750000 0.984675
3.050000 0.800000 0.984675
3.050000 0.850000 0.984675
3.050000 0.900000 0.984675
3.050000 0.950000 0.984675
3.050000 1.000000 0.984675
3.050000 1.050000 0.984675
3.050000 1.100000 0.984675
3.050000 1.150000 0.984675
3.050000 1.200000 0.984675
3.050000 1.250000 0.984675
3.050000 1.300000 0.984675
3.050000 1.350000 0.984675
3.050000 1.400000 0.984675
3.050000 1.450000 0.984675
3.050000 1.500000 0.984675
3.050000 1.550000 0.984675
3.050000 1.600000 0.984675
3.050000 1.650000 0.984675
3.050000 1.700000 0.984675
3.050000 1.750000 0.984675
3.050000 1.800000 0.984675
3.050000 1.850000 0.984675
3.050000 1.900000 0.984675
3.050000 1.950000 0.984675
3.050000 2.000000 0.984675
3.050000 2.050000 0.984675
3.050000 2.100000 0.984675
3.050000 2.150000 0.984675
3.050000 2.200000 0.984675
3.050000 2.250000 0.984675
3.050000 2.300000 0.984675
3.050000 2.350000 0.984674
3.050000 2.400000 0.984668
3.050000 2.450000 0.984625
3.050000 2.500000 0.984327
3.050000 2.550000 0.982270
3.050000 2.600000 0.968042
3.050000 2.650000 0.869613
3.050000 2.700000 0.188717
3.050000 2.750000 -4.521497
3.050000 2.800000 -37.106812
3.050000 2.850000 -262.608827
3.050000 2.900000 -1826.892671
3.050000 2.950000 -12863.846172
3.050000 3.000000 -101466.752189
---- Eg=3.100000
3.100000 0.000000 0.918534
3.100000 0.050000 0.918534
3.100000 0.100000 0.918534
3.100000 0.150000 0.918534
3.100000 0.200000 0.918534
3.100000 0.250000 0.918534
3.100000 0.300000 0.918534
3.100000 0.350000 0.918534
3.100000 0.400000 0.918534
3.100000 0.450000 0.918534
3.100000 0.500000 0.918534
3.100000 0.550000 0.918534
3.100000 0.600000 0.918534
3.100000 0.650000 0.918534
3.100000 0.700000 0.918534
3.100000 0.750000 0.918534
3.100000 0.800000 0.918534
3.100000 0.850000 0.918534
3.100000 0.900000 0.918534
3.100000 0.950000 0.918534
3.100000 1.000000 0.918534
3.100000 1.050000 0.918534
3.100000 1.100000 0.918534
3.100000 1.150000 0.918534
3.100000 1.200000 0.918534
3.100000 1.250000 0.918534
3.100000 1.300000 0.918534
3.100000 1.350000 0.918534
3.100000 1.400000 0.918534
3.100000 1.450000 0.918534
3.100000 1.500000 0.918534
3.100000 1.550000 0.918534
3.100000 1.600000 0.918534
3.100000 1.650000 0.918534
3.100000 1.700000 0.918534
3.100000 1.750000 0.918534
3.100000 1.800000 0.918534
3.100000 1.850000 0.918534
3.100000 1.900000 0.918534
3.100000 1.950000 0.918534
3.100000 2.000000 0.918534
3.100000 2.050000 0.918534
3.100000 2.100000 0.918534
3.100000 2.150000 0.918534
3.100000 2.200000 0.918534
3.100000 2.250000 0.918534
3.100000 2.300000 0.918534
3.100000 2.350000 0.918534
3.100000 2.400000 0.918533
3.100000 2.450000 0.918527
3.100000 2.500000 0.918483
3.100000 2.550000 0.918176
3.100000 2.600000 0.916051
3.100000 2.650000 0.901356
3.100000 2.700000 0.799701
3.100000 2.750000 0.096491
3.100000 2.800000 -4.768092
3.100000 2.850000 -38.421338
3.100000 2.900000 -271.313926
3.100000 2.950000 -1886.869945
3.100000 3.000000 -13285.746510
3.100000 3.050000 -104800.334086
---- Eg=3.150000
3.150000 0.000000 0.856537
3.150000 0.050000 0.856537
3.150000 0.100000 0.856537
3.150000 0.150000 0.856537
3.150000 0.200000 0.856537
3.150000 0.250000 0.856537
3.150000 0.300000 0.856537
3.150000 0.350000 0.856537
3.150000 0.400000 0.856537
3.150000 0.450000 0.856537
3.150000 0.500000 0.856537
3.150000 0.550000 0.856537
3.150000 0.600000 0.856537
3.150000 0.650000 0.856537
3.150000 0.700000 0.856537
3.150000 0.750000 0.856537
3.150000 0.800000 0.856537
3.150000 0.850000 0.856537
3.150000 0.900000 0.856537
3.150000 0.950000 0.856537
3.150000 1.000000 0.856537
3.150000 1.050000 0.856537
3.150000 1.100000 0.856537
3.150000 1.150000 0.856537
3.150000 1.200000 0.856537
3.150000 1.250000 0.856537
3.150000 1.300000 0.856537
3.150000 1.350000 0.856537
3.150000 1.400000 0.856537
3.150000 1.450000 0.856537
3.150000 1.500000 0.856537
3.150000 1.550000 0.856537
3.150000 1.600000 0.856537
3.150000 1.650000 0.856537
3.150000 1.700000 0.856537
3.150000 1.750000 0.856537
3.150000 1.800000 0.856537
3.150000 1.850000 0.856537
3.150000 1.900000 0.856537
3.150000 1.950000 0.856537
3.150000 2.000000 0.856537
3.150000 2.050000 0.856537
3.150000 2.100000 0.856537
3.150000 2.150000 0.856537
3.150000 2.200000 0.856537
3.150000 2.250000 0.856537
3.150000 2.300000 0.856537
3.150000 2.350000 0.856537
3.150000 2.400000 0.856536
3.150000 2.450000 0.856535
3.150000 2.500000 0.856529
3.150000 2.550000 0.856483
3.150000 2.600000 0.856166
3.150000 2.650000 0.853973
3.150000 2.700000 0.838804
3.150000 2.750000 0.733872
3.150000 2.800000 0.007986
3.150000 2.850000 -5.013455
3.150000 2.900000 -39.751851
3.150000 2.950000 -280.154186
3.150000 3.000000 -1947.809215
3.150000 3.050000 -13714.448109
3.150000 3.100000 -108187.794453
---- Eg=3.200000
3.200000 0.000000 0.798450
3.200000 0.050000 0.798450
3.200000 0.100000 0.798450
3.200000 0.150000 0.798450
3.200000 0.200000 0.798450
3.200000 0.250000 0.798450
3.200000 0.300000 0.798450
3.200000 0.350000 0.798450
3.200000 0.400000 0.798450
3.200000 0.450000 0.798450
3.200000 0.500000 0.798450
3.200000 0.550000 0.798450
3.200000 0.600000 0.798450
3.200000 0.650000 0.798450
3.200000 0.700000 0.798450
3.200000 0.750000 0.798450
3.200000 0.800000 0.798450
3.200000 0.850000 0.798450
3.200000 0.900000 0.798450
3.200000 0.950000 0.798450
3.200000 1.000000 0.798450
3.200000 1.050000 0.798450
3.200000 1.100000 0.798450
3.200000 1.150000 0.798450
3.200000 1.200000 0.798450
3.200000 1.250000 0.798450
3.200000 1.300000 0.798450
3.200000 1.350000 0.798450
3.200000 1.400000 0.798450
3.200000 1.450000 0.798450
3.200000 1.500000 0.798450
3.200000 1.550000 0.798450
3.200000 1.600000 0.798450
3.200000 1.650000 0.798450
3.200000 1.700000 0.798450
3.200000 1.750000 0.798450
3.200000 1.800000 0.798450
3.200000 1.850000 0.798450
3.200000 1.900000 0.798450
3.200000 1.950000 0.798450
3.200000 2.000000 0.798450
3.200000 2.050000 0.798450
3.200000 2.100000 0.798450
3.200000 2.150000 0.798450
3.200000 2.200000 0.798450
3.200000 2.250000 0.798450
3.200000 2.300000 0.798450
3.200000 2.350000 0.798450
3.200000 2.400000 0.798450
3.200000 2.450000 0.798450
3.200000 2.500000 0.798449
3.200000 2.550000 0.798442
3.200000 2.600000 0.798395
3.200000 2.650000 0.798068
3.200000 2.700000 0.795805
3.200000 2.750000 0.780155
3.200000 2.800000 0.671893
3.200000 2.850000 -0.077027
3.200000 2.900000 -5.257816
3.200000 2.950000 -41.098582
3.200000 3.000000 -289.129836
3.200000 3.050000 -2009.710712
3.200000 3.100000 -14149.951197
3.200000 3.150000 -111629.133518
---- Eg=3.250000
3.250000 0.000000 0.744054
3.250000 0.050000 0.744054
3.250000 0.100000 0.744054
3.250000 0.150000 0.744054
3.250000 0.200000 0.744054
3.250000 0.250000 0.744054
3.250000 0.300000 0.744054
3.250000 0.350000 0.744054
3.250000 0.400000 0.744054
3.250000 0.450000 0.744054
3.250000 0.500000 0.744054
3.250000 0.550000 0.744054
3.250000 0.600000 0.744054
3.250000 0.650000 0.744054
3.250000 0.700000 0.744054
3.250000 0.750000 0.744054
3.250000 0.800000 0.744054
3.250000 0.850000 0.744054
3.250000 0.900000 0.744054
3.250000 0.950000 0.744054
3.250000 1.000000 0.744054
3.250000 1.050000 0.744054
3.250000 1.100000 0.744054
3.250000 1.150000 0.744054
3.250000 1.200000 0.744054
3.250000 1.250000 0.744054
3.250000 1.300000 0.744054
3.250000 1.350000 0.744054
3.250000 1.400000 0.744054
3.250000 1.450000 0.744054
3.250000 1.500000 0.744054
3.250000 1.550000 0.744054
3.250000 1.600000 0.744054
3.250000 1.650000 0.744054
3.250000 1.700000 0.744054
3.250000 1.750000 0.744054
3.250000 1.800000 0.744054
3.250000 1.850000 0.744054
3.250000 1.900000 0.744054
3.250000 1.950000 0.744054
3.250000 2.000000 0.744054
3.250000 2.050000 0.744054
3.250000 2.100000 0.744054
3.250000 2.150000 0.744054
3.250000 2.200000 0.744054
3.250000 2.250000 0.744054
3.250000 2.300000 0.744054
3.250000 2.350000 0.744054
3.250000 2.400000 0.744054
3.250000 2.450000 0.744054
3.250000 2.500000 0.744054
3.250000 2.550000 0.744053
3.250000 2.600000 0.744046
3.250000 2.650000 0.743997
3.250000 2.700000 0.743660
3.250000 2.750000 0.741327
3.250000 2.800000 0.725188
3.250000 2.850000 0.613544
3.250000 2.900000 -0.158771
3.250000 2.950000 -5.501397
3.250000 3.000000 -42.461753
3.250000 3.050000 -298.241098
3.250000 3.100000 -2072.574656
3.250000 3.150000 -14592.255998
3.250000 3.200000 -115124.351503
---- Eg=3.300000
3.300000 0.000000 0.693138
3.300000 0.050000 0.693138
3.300000 0.100000 0.693138
3.300000 0.150000 0.693138
3.300000 0.200000 0.693138
3.300000 0.250000 0.693138
3.300000 0.300000 0.693138
3.300000 0.350000 0.693138
3.300000 0.400000 0.693138
3.300000 0.450000 0.693138
3.300000 0.500000 0.693138
3.300000 0.550000 0.693138
3.300000 0.600000 0.693138
3.300000 0.650000 0.693138
3.300000 0.700000 0.693138
3.300000 0.750000 0.693138
3.300000 0.800000 0.693138
3.300000 0.850000 0.693138
3.300000 0.900000 0.693138
3.300000 0.950000 0.693138
3.300000 1.000000 0.693138
3.300000 1.050000 0.693138
3.300000 1.100000 0.693138
3.300000 1.150000 0.693138
3.300000 1.200000 0.693138
3.300000 1.250000 0.693138
3.300000 1.300000 0.693138
3.300000 1.350000 0.693138
3.300000 1.400000 0.693138
3.300000 1.450000 0.693138
3.300000 1.500000 0.693138
3.300000 1.550000 0.693138
3.300000 1.600000 0.693138
3.300000 1.650000 0.693138
3.300000 1.700000 0.693138
3.300000 1.750000 0.693138
3.300000 1.800000 0.693138
3.300000 1.850000 0.693138
3.300000 1.900000 0.693138
3.300000 1.950000 0.693138
3.300000 2.000000 0.693138
3.300000 2.050000 0.693138
3.300000 2.100000 0.693138
3.300000 2.150000 0.693138
3.300000 2.200000 0.693138
3.300000 2.250000 0.693138
3.300000 2.300000 0.693138
3.300000 2.350000 0.693138
3.300000 2.400000 0.693138
3.300000 2.450000 0.693138
3.300000 2.500000 0.693138
3.300000 2.550000 0.693138
3.300000 2.600000 0.693137
3.300000 2.650000 0.693130
3.300000 2.700000 0.693080
3.300000 2.750000 0.692732
3.300000 2.800000 0.690327
3.300000 2.850000 0.673692
3.300000 2.900000 0.558613
3.300000 2.950000 -0.237456
3.300000 3.000000 -5.744407
3.300000 3.050000 -43.841573
3.300000 3.100000 -307.488182
3.300000 3.150000 -2136.401259
3.300000 3.200000 -15041.362722
3.300000 3.250000 -118673.448619
---- Eg=3.350000
3.350000 0.000000 0.645501
3.350000 0.050000 0.645501
3.350000 0.100000 0.645501
3.350000 0.150000 0.645501
3.350000 0.200000 0.645501
3.350000 0.250000 0.645501
3.350000 0.300000 0.645501
3.350000 0.350000 0.645501
3.350000 0.400000 0.645501
3.350000 0.450000 0.645501
3.350000 0.500000 0.645501
3.350000 0.550000 0.645501
3.350000 0.600000 0.645501
3.350000 0.650000 0.645501
3.350000 0.700000 0.645501
3.350000 0.750000 0.645501
3.350000 0.800000 0.645501
3.350000 0.850000 0.645501
3.350000 0.900000 0.645501
3.350000 0.950000 0.645501
3.350000 1.000000 0.645501
3.350000 1.050000 0.645501
3.350000 1.100000 0.645501
3.350000 1.150000 0.645501
3.350000 1.200000 0.645501
3.350000 1.250000 0.645501
3.350000 1.300000 0.645501
3.350000 1.350000 0.645501
3.350000 1.400000 0.645501
3.350000 1.450000 0.645501
3.350000 1.500000 0.645501
3.350000 1.550000 0.645501
3.350000 1.600000 0.645501
3.350000 1.650000 0.645501
3.350000 1.700000 0.645501
3.350000 1.750000 0.645501
3.350000 1.800000 0.645501
3.350000 1.850000 0.645501
3.350000 1.900000 0.645501
3.350000 1.950000 0.645501
3.350000 2.000000 0.645501
3.350000 2.050000 0.645501
3.350000 2.100000 0.645501
3.350000 2.150000 0.645501
3.350000 2.200000 0.645501
3.350000 2.250000 0.645501
3.350000 2.300000 0.645501
3.350000 2.350000 0.645501
3.350000 2.400000 0.645501
3.350000 2.450000 0.645501
3.350000 2.500000 0.645501
3.350000 2.550000 0.645501
3.350000 2.600000 0.645501
3.350000 2.650000 0.645500
3.350000 2.700000 0.645492
3.350000 2.750000 0.645440
3.350000 2.800000 0.645082
3.350000 2.850000 0.642604
3.350000 2.900000 0.625465
3.350000 2.950000 0.506901
3.350000 3.000000 -0.313283
3.350000 3.050000 -5.987048
3.350000 3.100000 -45.238245
3.350000 3.150000 -316.871290
3.350000 3.200000 -2201.190721
3.350000 3.250000 -15497.271569
3.350000 3.300000 -122276.425068
---- Eg=3.400000
3.400000 0.000000 0.600950
3.400000 0.050000 0.600950
3.400000 0.100000 0.600950
3.400000 0.150000 0.600950
3.400000 0.200000 0.600950
3.400000 0.250000 0.600950
3.400000 0.300000 0.600950
3.400000 0.350000 0.600950
3.400000 0.400000 0.600950
3.400000 0.450000 0.600950
3.400000 0.500000 0.600950
3.400000 0.550000 0.600950
3.400000 0.600000 0.600950
3.400000 0.650000 0.600950
3.400000 0.700000 0.600950
3.400000 0.750000 0.600950
3.400000 0.800000 0.600950
3.400000 0.850000 0.600950
3.400000 0.900000 0.600950
3.400000 0.950000 0.600950
3.400000 1.000000 0.600950
3.400000 1.050000 0.600950
3.400000 1.100000 0.600950
3.400000 1.150000 0.600950
3.400000 1.200000 0.600950
3.400000 1.250000 0.600950
3.400000 1.300000 0.600950
3.400000 1.350000 0.600950
3.400000 1.400000 0.600950
3.400000 1.450000 0.600950
3.400000 1.500000 0.600950
3.400000 1.550000 0.600950
3.400000 1.600000 0.600950
3.400000 1.650000 0.600950
3.400000 1.700000 0.600950
3.400000 1.750000 0.600950
3.400000 1.800000 0.600950
3.400000 1.850000 0.600950
3.400000 1.900000 0.600950
3.400000 1.950000 0.600950
3.400000 2.000000 0.600950
3.400000 2.050000 0.600950
3.400000 2.100000 0.600950
3.400000 2.150000 0.600950
3.400000 2.200000 0.600950
3.400000 2.250000 0.600950
3.400000 2.300000 0.600950
3.400000 2.350000 0.600950
3.400000 2.400000 0.600950
3.400000 2.450000 0.600950
3.400000 2.500000 0.600950
3.400000 2.550000 0.600950
3.400000 2.600000 0.600950
3.400000 2.650000 0.600950
3.400000 2.700000 0.600949
3.400000 2.750000 0.600941
3.400000 2.800000 0.600888
3.400000 2.850000 0.600519
3.400000 2.900000 0.597967
3.400000 2.950000 0.580317
3.400000 3.000000 0.458214
3.400000 3.050000 -0.386443
3.400000 3.100000 -6.229513
3.400000 3.150000 -46.651959
3.400000 3.200000 -326.390613
3.400000 3.250000 -2266.943234
3.400000 3.300000 -15959.982732
3.400000 3.350000 -125933.281040
---- Eg=3.450000
3.450000 0.000000 0.559304
3.450000 0.050000 0.559304
3.450000 0.100000 0.559304
3.450000 0.150000 0.559304
3.450000 0.200000 0.559304
3.450000 0.250000 0.559304
3.450000 0.300000 0.559304
3.450000 0.350000 0.559304
3.450000 0.400000 0.559304
3.450000 0.450000 0.559304
3.450000 0.500000 0.559304
3.450000 0.550000 0.559304
3.450000 0.600000 0.559304
3.450000 0.650000 0.559304
3.450000 0.700000 0.559304
3.450000 0.750000 0.559304
3.450000 0.800000 0.559304
3.450000 0.850000 0.559304
3.450000 0.900000 0.559304
3.450000 0.950000 0.559304
3.450000 1.000000 0.559304
3.450000 1.050000 0.559304
3.450000 1.100000 0.559304
3.450000 1.150000 0.559304
3.450000 1.200000 0.559304
3.450000 1.250000 0.559304
3.450000 1.300000 0.559304
3.450000 1.350000 0.559304
3.450000 1.400000 0.559304
3.450000 1.450000 0.559304
3.450000 1.500000 0.559304
3.450000 1.550000 0.559304
3.450000 1.600000 0.559304
3.450000 1.650000 0.559304
3.450000 1.700000 0.559304
3.450000 1.750000 0.559304
3.450000 1.800000 0.559304
3.450000 1.850000 0.559304
3.450000 1.900000 0.559304
3.450000 1.950000 0.559304
3.450000 2.000000 0.559304
3.450000 2.050000 0.559304
3.450000 2.100000 0.559304
3.450000 2.150000 0.559304
3.450000 2.200000 0.559304
3.450000 2.250000 0.559304
3.450000 2.300000 0.559304
3.450000 2.350000 0.559304
3.450000 2.400000 0.559304
3.450000 2.450000 0.559304
3.450000 2.500000 0.559304
3.450000 2.550000 0.559304
3.450000 2.600000 0.559304
3.450000 2.650000 0.559304
3.450000 2.700000 0.559304
3.450000 2.750000 0.559303
3.450000 2.800000 0.559295
3.450000 2.850000 0.559240
3.450000 2.900000 0.558860
3.450000 2.950000 0.556234
3.450000 3.000000 0.538064
3.450000 3.050000 0.412372
3.450000 3.100000 -0.457119
3.450000 3.150000 -6.471982
3.450000 3.200000 -48.082899
3.450000 3.250000 -336.046334
3.450000 3.300000 -2333.658980
3.450000 3.350000 -16429.496393
3.450000 3.400000 -129644.016718
---- Eg=3.500000
3.500000 0.000000 0.520390
3.500000 0.050000 0.520390
3.500000 0.100000 0.520390
3.500000 0.150000 0.520390
3.500000 0.200000 0.520390
3.500000 0.250000 0.520390
3.500000 0.300000 0.520390
3.500000 0.350000 0.520390
3.500000 0.400000 0.520390
3.500000 0.450000 0.520390
3.500000 0.500000 0.520390
3.500000 0.550000 0.520390
3.500000 0.600000 0.520390
3.500000 0.650000 0.520390
3.500000 0.700000 0.520390
3.500000 0.750000 0.520390
3.500000 0.800000 0.520390
3.500000 0.850000 0.520390
3.500000 0.900000 0.520390
3.500000 0.950000 0.520390
3.500000 1.000000 0.520390
3.500000 1.050000 0.520390
3.500000 1.100000 0.520390
3.500000 1.150000 0.520390
3.500000 1.200000 0.520390
3.500000 1.250000 0.520390
3.500000 1.300000 0.520390
3.500000 1.350000 0.520390
3.500000 1.400000 0.520390
3.500000 1.450000 0.520390
3.500000 1.500000 0.520390
3.500000 1.550000 0.520390
3.500000 1.600000 0.520390
3.500000 1.650000 0.520390
3.500000 1.700000 0.520390
3.500000 1.750000 0.520390
3.500000 1.800000 0.520390
3.500000 1.850000 0.520390
3.500000 1.900000 0.520390
3.500000 1.950000 0.520390
3.500000 2.000000 0.520390
3.500000 2.050000 0.520390
3.500000 2.100000 0.520390
3.500000 2.150000 0.520390
3.500000 2.200000 0.520390
3.500000 2.250000 0.520390
3.500000 2.300000 0.520390
3.500000 2.350000 0.520390
3.500000 2.400000 0.520390
3.500000 2.450000 0.520390
3.500000 2.500000 0.520390
3.500000 2.550000 0.520390
3.500000 2.600000 0.520390
3.500000 2.650000 0.520390
3.500000 2.700000 0.520390
3.500000 2.750000 0.520390
3.500000 2.800000 0.520388
3.500000 2.850000 0.520380
3.500000 2.900000 0.520324
3.500000 2.950000 0.519933
3.500000 3.000000 0.517230
3.500000 3.050000 0.498534
3.500000 3.100000 0.369200
3.500000 3.150000 -0.525485
3.500000 3.200000 -6.714630
3.500000 3.250000 -49.531237
3.500000 3.300000 -345.838626
3.500000 3.350000 -2401.338133
3.500000 3.400000 -16905.812725
3.500000 3.450000 -133408.632276
---- Eg=3.550000
3.550000 0.000000 0.484042
3.550000 0.050000 0.484042
3.550000 0.100000 0.484042
3.550000 0.150000 0.484042
3.550000 0.200000 0.484042
3.550000 0.250000 0.484042
3.550000 0.300000 0.484042
3.550000 0.350000 0.484042
3.550000 0.400000 0.484042
3.550000 0.450000 0.484042
3.550000 0.500000 0.484042
3.550000 0.550000 0.484042
3.550000 0.600000 0.484042
3.550000 0.650000 0.484042
3.550000 0.700000 0.484042
3.550000 0.750000 0.484042
3.550000 0.800000 0.484042
3.550000 0.850000 0.484042
3.550000 0.900000 0.484042
3.550000 0.950000 0.484042
3.550000 1.000000 0.484042
3.550000 1.050000 0.484042
3.550000 1.100000 0.484042
3.550000 1.150000 0.484042
3.550000 1.200000 0.484042
3.550000 1.250000 0.484042
3.550000 1.300000 0.484042
3.550000 1.350000 0.484042
3.550000 1.400000 0.484042
3.550000 1.450000 0.484042
3.550000 1.500000 0.484042
3.550000 1.550000 0.484042
3.550000 1.600000 0.484042
3.550000 1.650000 0.484042
3.550000 1.700000 0.484042
3.550000 1.750000 0.484042
3.550000 1.800000 0.484042
3.550000 1.850000 0.484042
3.550000 1.900000 0.484042
3.550000 1.950000 0.484042
3.550000 2.000000 0.484042
3.550000 2.050000 0.484042
3.550000 2.100000 0.484042
3.550000 2.150000 0.484042
3.550000 2.200000 0.484042
3.550000 2.250000 0.484042
3.550000 2.300000 0.484042
3.550000 2.350000 0.484042
3.550000 2.400000 0.484042
3.550000 2.450000 0.484042
3.550000 2.500000 0.484042
3.550000 2.550000 0.484042
3.550000 2.600000 0.484042
3.550000 2.650000 0.484042
3.550000 2.700000 0.484042
3.550000 2.750000 0.484042
3.550000 2.800000 0.484042
3.550000 2.850000 0.484041
3.550000 2.900000 0.484032
3.550000 2.950000 0.483974
3.550000 3.000000 0.483572
3.550000 3.050000 0.480793
3.550000 3.100000 0.461562
3.550000 3.150000 0.328534
3.550000 3.200000 -0.591705
3.550000 3.250000 -6.957621
3.550000 3.300000 -50.997137
3.550000 3.350000 -355.767653
3.550000 3.400000 -2469.980857
3.550000 3.450000 -17388.931892
3.550000 3.500000 -137227.127877
---- Eg=3.600000
3.600000 0.000000 0.450106
3.600000 0.050000 0.450106
3.600000 0.100000 0.450106
3.600000 0.150000 0.450106
3.600000 0.200000 0.450106
3.600000 0.250000 0.450106
3.600000 0.300000 0.450106
3.600000 0.350000 0.450106
3.600000 0.400000 0.450106
3.600000 0.450000 0.450106
3.600000 0.500000 0.450106
3.600000 0.550000 0.450106
3.600000 0.600000 0.450106
3.600000 0.650000 0.450106
3.600000 0.700000 0.450106
3.600000 0.750000 0.450106
3.600000 0.800000 0.450106
3.600000 0.850000 0.450106
3.600000 0.900000 0.450106
3.600000 0.950000 0.450106
3.600000 1.000000 0.450106
3.600000 1.050000 0.450106
3.600000 1.100000 0.450106
3.600000 1.150000 0.450106
3.600000 1.200000 0.450106
3.600000 1.250000 0.450106
3.600000 1.300000 0.450106
3.600000 1.350000 0.450106
3.600000 1.400000 0.450106
3.600000 1.450000 0.450106
3.600000 1.500000 0.450106
3.600000 1.550000 0.450106
3.600000 1.600000 0.450106
3.600000 1.650000 0.450106
3.600000 1.700000 0.450106
3.600000 1.750000 0.450106
3.600000 1.800000 0.450106
3.600000 1.850000 0.450106
3.600000 1.900000 0.450106
3.600000 1.950000 0.450106
3.600000 2.000000 0.450106
3.600000 2.050000 0.450106
3.600000 2.100000 0.450106
3.600000 2.150000 0.450106
3.600000 2.200000 0.450106
3.600000 2.250000 0.450106
3.600000 2.300000 0.450106
3.600000 2.350000 0.450106
3.600000 2.400000 0.450106
3.600000 2.450000 0.450106
3.600000 2.500000 0.450106
3.600000 2.550000 0.450106
3.600000 2.600000 0.450106
3.600000 2.650000 0.450106
3.600000 2.700000 0.450106
3.600000 2.750000 0.450106
3.600000 2.800000 0.450105
3.600000 2.850000 0.450105
3.600000 2.900000 0.450104
3.600000 2.950000 0.450095
3.600000 3.000000 0.450036
3.600000 3.050000 0.449623
3.600000 3.100000 0.446764
3.600000 3.150000 0.426993
3.600000 3.200000 0.290219
3.600000 3.250000 -0.655934
3.600000 3.300000 -7.201110
3.600000 3.350000 -52.480757
3.600000 3.400000 -365.833571
3.600000 3.450000 -2539.587308
3.600000 3.500000 -17878.854051
3.600000 3.550000 -141099.503679
---- Eg=3.650000
3.650000 0.000000 0.418432
3.650000 0.050000 0.418432
3.650000 0.100000 0.418432
3.650000 0.150000 0.418432
3.650000 0.200000 0.418432
3.650000 0.250000 0.418432
3.650000 0.300000 0.418432
3.650000 0.350000 0.418432
3.650000 0.400000 0.418432
3.650000 0.450000 0.418432
3.650000 0.500000 0.418432
3.650000 0.550000 0.418432
3.650000 0.600000 0.418432
3.650000 0.650000 0.418432
3.650000 0.700000 0.418432
3.650000 0.750000 0.418432
3.650000 0.800000 0.418432
3.650000 0.850000 0.418432
3.650000 0.900000 0.418432
3.650000 0.950000 0.418432
3.650000 1.000000 0.418432
3.650000 1.050000 0.418432
3.650000 1.100000 0.418432
3.650000 1.150000 0.418432
3.650000 1.200000 0.418432
3.650000 1.250000 0.418432
3.650000 1.300000 0.418432
3.650000 1.350000 0.418432
3.650000 1.400000 0.418432
3.650000 1.450000 0.418432
3.650000 1.500000 0.418432
3.650000 1.550000 0.418432
3.650000 1.600000 0.418432
3.650000 1.650000 0.418432
3.650000 1.700000 0.418432
3.650000 1.750000 0.418432
3.650000 1.800000 0.418432
3.650000 1.850000 0.418432
3.650000 1.900000 0.418432
3.650000 1.950000 0.418432
3.650000 2.000000 0.418432
3.650000 2.050000 0.418432
3.650000 2.100000 0.418432
3.650000 2.150000 0.418432
3.650000 2.200000 0.418432
3.650000 2.250000 0.418432
3.650000 2.300000 0.418432
3.650000 2.350000 0.418432
3.650000 2.400000 0.418432
3.650000 2.450000 0.418432
3.650000 2.500000 0.418432
3.650000 2.550000 0.418432
3.650000 2.600000 0.418432
3.650000 2.650000 0.418432
3.650000 2.700000 0.418432
3.650000 2.750000 0.418432
3.650000 2.800000 0.418432
3.650000 2.850000 0.418432
3.650000 2.900000 0.418432
3.650000 2.950000 0.418430
3.650000 3.000000 0.418422
3.650000 3.050000 0.418360
3.650000 3.100000 0.417935
3.650000 3.150000 0.414998
3.650000 3.200000 0.394677
3.650000 3.250000 0.254105
3.650000 3.300000 -0.718320
3.650000 3.350000 -7.445247
3.650000 3.400000 -53.982244
3.650000 3.450000 -376.036528
3.650000 3.500000 -2610.157635
3.650000 3.550000 -18375.579350
3.650000 3.600000 -145025.759827
---- Eg=3.700000
3.700000 0.000000 0.388881
3.700000 0.050000 0.388881
3.700000 0.100000 0.388881
3.700000 0.150000 0.388881
3.700000 0.200000 0.388881
3.700000 0.250000 0.388881
3.700000 0.300000 0.388881
3.700000 0.350000 0.388881
3.700000 0.400000 0.388881
3.700000 0.450000 0.388881
3.700000 0.500000 0.388881
3.700000 0.550000 0.388881
3.700000 0.600000 0.388881
3.700000 0.650000 0.388881
3.700000 0.700000 0.388881
3.700000 0.750000 0.388881
3.700000 0.800000 0.388881
3.700000 0.850000 0.388881
3.700000 0.900000 0.388881
3.700000 0.950000 0.388881
3.700000 1.000000 0.388881
3.700000 1.050000 0.388881
3.700000 1.100000 0.388881
3.700000 1.150000 0.388881
3.700000 1.200000 0.388881
3.700000 1.250000 0.388881
3.700000 1.300000 0.388881
3.700000 1.350000 0.388881
3.700000 1.400000 0.388881
3.700000 1.450000 0.388881
3.700000 1.500000 0.388881
3.700000 1.550000 0.388881
3.700000 1.600000 0.388881
3.700000 1.650000 0.388881
3.700000 1.700000 0.388881
3.700000 1.750000 0.388881
3.700000 1.800000 0.388881
3.700000 1.850000 0.388881
3.700000 1.900000 0.388881
3.700000 1.950000 0.388881
3.700000 2.000000 0.388881
3.700000 2.050000 0.388881
3.700000 2.100000 0.388881
3.700000 2.150000 0.388881
3.700000 2.200000 0.388881
3.700000 2.250000 0.388881
3.700000 2.300000 0.388881
3.700000 2.350000 0.388881
3.700000 2.400000 0.388881
3.700000 2.450000 0.388881
3.700000 2.500000 0.388881
3.700000 2.550000 0.388881
3.700000 2.600000 0.388881
3.700000 2.650000 0.388881
3.700000 2.700000 0.388881
3.700000 2.750000 0.388881
3.700000 2.800000 0.388881
3.700000 2.850000 0.388881
3.700000 2.900000 0.388881
3.700000 2.950000 0.388881
3.700000 3.000000 0.388880
3.700000 3.050000 0.388871
3.700000 3.100000 0.388808
3.700000 3.150000 0.388371
3.700000 3.200000 0.385353
3.700000 3.250000 0.364476
3.700000 3.300000 0.220054
3.700000 3.350000 -0.779004
3.700000 3.400000 -7.690170
3.700000 3.450000 -55.501736
3.700000 3.500000 -386.376665
3.700000 3.550000 -2681.691976
3.700000 3.600000 -18879.107927
3.700000 3.650000 -149005.896464
---- Eg=3.750000
3.750000 0.000000 0.361322
3.750000 0.050000 0.361322
3.750000 0.100000 0.361322
3.750000 0.150000 0.361322
3.750000 0.200000 0.361322
3.750000 0.250000 0.361322
3.750000 0.300000 0.361322
3.750000 0.350000 0.361322
3.750000 0.400000 0.361322
3.750000 0.450000 0.361322
3.750000 0.500000 0.361322
3.750000 0.550000 0.361322
3.750000 0.600000 0.361322
3.750000 0.650000 0.361322
3.750000 0.700000 0.361322
3.750000 0.750000 0.361322
3.750000 0.800000 0.361322
3.750000 0.850000 0.361322
3.750000 0.900000 0.361322
3.750000 0.950000 0.361322
3.750000 1.000000 0.361322
3.750000 1.050000 0.361322
3.750000 1.100000 0.361322
3.750000 1.150000 0.361322
3.750000 1.200000 0.361322
3.750000 1.250000 0.361322
3.750000 1.300000 0.361322
3.750000 1.350000 0.361322
3.750000 1.400000 0.361322
3.750000 1.450000 0.361322
3.750000 1.500000 0.361322
3.750000 1.550000 0.361322
3.750000 1.600000 0.361322
3.750000 1.650000 0.361322
3.750000 1.700000 0.361322
3.750000 1.750000 0.361322
3.750000 1.800000 0.361322
3.750000 1.850000 0.361322
3.750000 1.900000 0.361322
3.750000 1.950000 0.361322
3.750000 2.000000 0.361322
3.750000 2.050000 0.361322
3.750000 2.100000 0.361322
3.750000 2.150000 0.361322
3.750000 2.200000 0.361322
3.750000 2.250000 0.361322
3.750000 2.300000 0.361322
3.750000 2.350000 0.361322
3.750000 2.400000 0.361322
3.750000 2.450000 0.361322
3.750000 2.500000 0.361322
3.750000 2.550000 0.361322
3.750000 2.600000 0.361322
3.750000 2.650000 0.361322
3.750000 2.700000 0.361322
3.750000 2.750000 0.361322
3.750000 2.800000 0.361322
3.750000 2.850000 0.361322
3.750000 2.900000 0.361322
3.750000 2.950000 0.361322
3.750000 3.000000 0.361322
3.750000 3.050000 0.361320
3.750000 3.100000 0.361311
3.750000 3.150000 0.361246
3.750000 3.200000 0.360798
3.750000 3.250000 0.357699
3.750000 3.300000 0.336257
3.750000 3.350000 0.187933
3.750000 3.400000 -0.838118
3.750000 3.450000 -7.936011
3.750000 3.500000 -57.039368
3.750000 3.550000 -396.854113
3.750000 3.600000 -2754.190464
3.750000 3.650000 -19389.439916
3.750000 3.700000 -153039.913720
---- Eg=3.800000
3.800000 0.000000 0.335628
3.800000 0.050000 0.335628
3.800000 0.100000 0.335628
3.800000 0.150000 0.335628
3.800000 0.200000 0.335628
3.800000 0.250000 0.335628
3.800000 0.300000 0.335628
3.800000 0.350000 0.335628
3.800000 0.400000 0.335628
3.800000 0.450000 0.335628
3.800000 0.500000 0.335628
3.800000 0.550000 0.335628
3.800000 0.600000 0.335628
3.800000 0.650000 0.335628
3.800000 0.700000 0.335628
3.800000 0.750000 0.335628
3.800000 0.800000 0.335628
3.800000 0.850000 0.335628
3.800000 0.900000 0.335628
3.800000 0.950000 0.335628
3.800000 1.000000 0.335628
3.800000 1.050000 0.335628
3.800000 1.100000 0.335628
3.800000 1.150000 0.335628
3.800000 1.200000 0.335628
3.800000 1.250000 0.335628
3.800000 1.300000 0.335628
3.800000 1.350000 0.335628
3.800000 1.400000 0.335628
3.800000 1.450000 0.335628
3.800000 1.500000 0.335628
3.800000 1.550000 0.335628
3.800000 1.600000 0.335628
3.800000 1.650000 0.335628
3.800000 1.700000 0.335628
3.800000 1.750000 0.335628
3.800000 1.800000 0.335628
3.800000 1.850000 0.335628
3.800000 1.900000 0.335628
3.800000 1.950000 0.335628
3.800000 2.000000 0.335628
3.800000 2.050000 0.335628
3.800000 2.100000 0.335628
3.800000 2.150000 0.335628
3.800000 2.200000 0.335628
3.800000 2.250000 0.335628
3.800000 2.300000 0.335628
3.800000 2.350000 0.335628
3.800000 2.400000 0.335628
3.800000 2.450000 0.335628
3.800000 2.500000 0.335628
3.800000 2.550000 0.335628
3.800000 2.600000 0.335628
3.800000 2.650000 0.335628
3.800000 2.700000 0.335628
3.800000 2.750000 0.335628
3.800000 2.800000 0.335628
3.800000 2.850000 0.335628
3.800000 2.900000 0.335628
3.800000 2.950000 0.335628
3.800000 3.000000 0.335628
3.800000 3.050000 0.335628
3.800000 3.100000 0.335626
3.800000 3.150000 0.335617
3.800000 3.200000 0.335550
3.800000 3.250000 0.335090
3.800000 3.300000 0.331908
3.800000 3.350000 0.309895
3.800000 3.400000 0.157617
3.800000 3.450000 -0.895787
3.800000 3.500000 -8.182897
3.800000 3.550000 -58.595264
3.800000 3.600000 -407.468997
3.800000 3.650000 -2827.653225
3.800000 3.700000 -19906.575442
3.800000 3.750000 -157127.811721
---- Eg=3.850000
3.850000 0.000000 0.311682
3.850000 0.050000 0.311682
3.850000 0.100000 0.311682
3.850000 0.150000 0.311682
3.850000 0.200000 0.311682
3.850000 0.250000 0.311682
3.850000 0.300000 0.311682
3.850000 0.350000 0.311682
3.850000 0.400000 0.311682
3.850000 0.450000 0.311682
3.850000 0.500000 0.311682
3.850000 0.550000 0.311682
3.850000 0.600000 0.311682
3.850000 0.650000 0.311682
3.850000 0.700000 0.311682
3.850000 0.750000 0.311682
3.850000 0.800000 0.311682
3.850000 0.850000 0.311682
3.850000 0.900000 0.311682
3.850000 0.950000 0.311682
3.850000 1.000000 0.311682
3.850000 1.050000 0.311682
3.850000 1.100000 0.311682
3.850000 1.150000 0.311682
3.850000 1.200000 0.311682
3.850000 1.250000 0.311682
3.850000 1.300000 0.311682
3.850000 1.350000 0.311682
3.850000 1.400000 0.311682
3.850000 1.450000 0.311682
3.850000 1.500000 0.311682
3.850000 1.550000 0.311682
3.850000 1.600000 0.311682
3.850000 1.650000 0.311682
3.850000 1.700000 0.311682
3.850000 1.750000 0.311682
3.850000 1.800000 0.311682
3.850000 1.850000 0.311682
3.850000 1.900000 0.311682
3.850000 1.950000 0.311682
3.850000 2.000000 0.311682
3.850000 2.050000 0.311682
3.850000 2.100000 0.311682
3.850000 2.150000 0.311682
3.850000 2.200000 0.311682
3.850000 2.250000 0.311682
3.850000 2.300000 0.311682
3.850000 2.350000 0.311682
3.850000 2.400000 0.311682
3.850000 2.450000 0.311682
3.850000 2.500000 0.311682
3.850000 2.550000 0.311682
3.850000 2.600000 0.311682
3.850000 2.650000 0.311682
3.850000 2.700000 0.311682
3.850000 2.750000 0.311682
3.850000 2.800000 0.311682
3.850000 2.850000 0.311682
3.850000 2.900000 0.311682
3.850000 2.950000 0.311682
3.850000 3.000000 0.311682
3.850000 3.050000 0.311682
3.850000 3.100000 0.311682
3.850000 3.150000 0.311680
3.850000 3.200000 0.311671
3.850000 3.250000 0.311602
3.850000 3.300000 0.311130
3.850000 3.350000 0.307864
3.850000 3.400000 0.285272
3.850000 3.450000 0.128988
3.850000 3.500000 -0.952128
3.850000 3.550000 -8.430945
3.850000 3.600000 -60.169542
3.850000 3.650000 -418.221436
3.850000 3.700000 -2902.080376
3.850000 3.750000 -20430.514623
3.850000 3.800000 -161269.590585
---- Eg=3.900000
3.900000 0.000000 0.289372
3.900000 0.050000 0.289372
3.900000 0.100000 0.289372
3.900000 0.150000 0.289372
3.900000 0.200000 0.289372
3.900000 0.250000 0.289372
3.900000 0.300000 0.289372
3.900000 0.350000 0.289372
3.900000 0.400000 0.289372
3.900000 0.450000 0.289372
3.900000 0.500000 0.289372
3.900000 0.550000 0.289372
3.900000 0.600000 0.289372
3.900000 0.650000 0.289372
3.900000 0.700000 0.289372
3.900000 0.750000 0.289372
3.900000 0.800000 0.289372
3.900000 0.850000 0.289372
3.900000 0.900000 0.289372
3.900000 0.950000 0.289372
3.900000 1.000000 0.289372
3.900000 1.050000 0.289372
3.900000 1.100000 0.289372
3.900000 1.150000 0.289372
3.900000 1.200000 0.289372
3.900000 1.250000 0.289372
3.900000 1.300000 0.289372
3.900000 1.350000 0.289372
3.900000 1.400000 0.289372
3.900000 1.450000 0.289372
3.900000 1.500000 0.289372
3.900000 1.550000 0.289372
3.900000 1.600000 0.289372
3.900000 1.650000 0.289372
3.900000 1.700000 0.289372
3.900000 1.750000 0.289372
3.900000 1.800000 0.289372
3.900000 1.850000 0.289372
3.900000 1.900000 0.289372
3.900000 1.950000 0.289372
3.900000 2.000000 0.289372
3.900000 2.050000 0.289372
3.900000 2.100000 0.289372
3.900000 2.150000 0.289372
3.900000 2.200000 0.289372
3.900000 2.250000 0.289372
3.900000 2.300000 0.289372
3.900000 2.350000 0.289372
3.900000 2.400000 0.289372
3.900000 2.450000 0.289372
3.900000 2.500000 0.289372
3.900000 2.550000 0.289372
3.900000 2.600000 0.289372
3.900000 2.650000 0.289372
3.900000 2.700000 0.289372
3.900000 2.750000 0.289372
3.900000 2.800000 0.289372
3.900000 2.850000 0.289372
3.900000 2.900000 0.289372
3.900000 2.950000 0.289372
3.900000 3.000000 0.289372
3.900000 3.050000 0.289372
3.900000 3.100000 0.289372
3.900000 3.150000 0.289372
3.900000 3.200000 0.289371
3.900000 3.250000 0.289361
3.900000 3.300000 0.289291
3.900000 3.350000 0.288806
3.900000 3.400000 0.285456
3.900000 3.450000 0.262277
3.900000 3.500000 0.101934
3.900000 3.550000 -1.007254
3.900000 3.600000 -8.680266
3.900000 3.650000 -61.762313
3.900000 3.700000 -429.111540
3.900000 3.750000 -2977.472028
3.900000 3.800000 -20961.257570
3.900000 3.850000 -165465.250423
---- Eg=3.950000
3.950000 0.000000 0.268594
3.950000 0.050000 0.268594
3.950000 0.100000 0.268594
3.950000 0.150000 0.268594
3.950000 0.200000 0.268594
3.950000 0.250000 0.268594
3.950000 0.300000 0.268594
3.950000 0.350000 0.268594
3.950000 0.400000 0.268594
3.950000 0.450000 0.268594
3.950000 0.500000 0.268594
3.950000 0.550000 0.268594
3.950000 0.600000 0.268594
3.950000 0.650000 0.268594
3.950000 0.700000 0.268594
3.950000 0.750000 0.268594
3.950000 0.800000 0.268594
3.950000 0.850000 0.268594
3.950000 0.900000 0.268594
3.950000 0.950000 0.268594
3.950000 1.000000 0.268594
3.950000 1.050000 0.268594
3.950000 1.100000 0.268594
3.950000 1.150000 0.268594
3.950000 1.200000 0.268594
3.950000 1.250000 0.268594
3.950000 1.300000 0.268594
3.950000 1.350000 0.268594
3.950000 1.400000 0.268594
3.950000 1.450000 0.268594
3.950000 1.500000 0.268594
3.950000 1.550000 0.268594
3.950000 1.600000 0.268594
3.950000 1.650000 0.268594
3.950000 1.700000 0.268594
3.950000 1.750000 0.268594
3.950000 1.800000 0.268594
3.950000 1.850000 0.268594
3.950000 1.900000 0.268594
3.950000 1.950000 0.268594
3.950000 2.000000 0.268594
3.950000 2.050000 0.268594
3.950000 2.100000 0.268594
3.950000 2.150000 0.268594
3.950000 2.200000 0.268594
3.950000 2.250000 0.268594
3.950000 2.300000 0.268594
3.950000 2.350000 0.268594
3.950000 2.400000 0.268594
3.950000 2.450000 0.268594
3.950000 2.500000 0.268594
3.950000 2.550000 0.268594
3.950000 2.600000 0.268594
3.950000 2.650000 0.268594
3.950000 2.700000 0.268594
3.950000 2.750000 0.268594
3.950000 2.800000 0.268594
3.950000 2.850000 0.268594
3.950000 2.900000 0.268594
3.950000 2.950000 0.268594
3.950000 3.000000 0.268594
3.950000 3.050000 0.268594
3.950000 3.100000 0.268594
3.950000 3.150000 0.268594
3.950000 3.200000 0.268594
3.950000 3.250000 0.268592
3.950000 3.300000 0.268582
3.950000 3.350000 0.268510
3.950000 3.400000 0.268013
3.950000 3.450000 0.264577
3.950000 3.500000 0.240804
3.950000 3.550000 0.076351
3.950000 3.600000 -1.061269
3.950000 3.650000 -8.930966
3.950000 3.700000 -63.373683
3.950000 3.750000 -440.139416
3.950000 3.800000 -3053.828287
3.950000 3.850000 -21498.804387
3.950000 3.900000 -169714.791341
---- Eg=4.000000
4.000000 0.000000 0.249248
4.000000 0.050000 0.249248
4.000000 0.100000 0.249248
4.000000 0.150000 0.249248
4.000000 0.200000 0.249248
4.000000 0.250000 0.249248
4.000000 0.300000 0.249248
4.000000 0.350000 0.249248
4.000000 0.400000 0.249248
4.000000 0.450000 0.249248
4.000000 0.500000 0.249248
4.000000 0.550000 0.249248
4.000000 0.600000 0.249248
4.000000 0.650000 0.249248
4.000000 0.700000 0.249248
4.000000 0.750000 0.249248
4.000000 0.800000 0.249248
4.000000 0.850000 0.249248
4.000000 0.900000 0.249248
4.000000 0.950000 0.249248
4.000000 1.000000 0.249248
4.000000 1.050000 0.249248
4.000000 1.100000 0.249248
4.000000 1.150000 0.249248
4.000000 1.200000 0.249248
4.000000 1.250000 0.249248
4.000000 1.300000 0.249248
4.000000 1.350000 0.249248
4.000000 1.400000 0.249248
4.000000 1.450000 0.249248
4.000000 1.500000 0.249248
4.000000 1.550000 0.249248
4.000000 1.600000 0.249248
4.000000 1.650000 0.249248
4.000000 1.700000 0.249248
4.000000 1.750000 0.249248
4.000000 1.800000 0.249248
4.000000 1.850000 0.249248
4.000000 1.900000 0.249248
4.000000 1.950000 0.249248
4.000000 2.000000 0.249248
4.000000 2.050000 0.249248
4.000000 2.100000 0.249248
4.000000 2.150000 0.249248
4.000000 2.200000 0.249248
4.000000 2.250000 0.249248
4.000000 2.300000 0.249248
4.000000 2.350000 0.249248
4.000000 2.400000 0.249248
4.000000 2.450000 0.249248
4.000000 2.500000 0.249248
4.000000 2.550000 0.249248
4.000000 2.600000 0.249248
4.000000 2.650000 0.249248
4.000000 2.700000 0.249248
4.000000 2.750000 0.249248
4.000000 2.800000 0.249248
4.000000 2.850000 0.249248
4.000000 2.900000 0.249248
4.000000 2.950000 0.249248
4.000000 3.000000 0.249248
4.000000 3.050000 0.249248
4.000000 3.100000 0.249248
4.000000 3.150000 0.249248
4.000000 3.200000 0.249248
4.000000 3.250000 0.249248
4.000000 3.300000 0.249246
4.000000 3.350000 0.249236
4.000000 3.400000 0.249162
4.000000 3.450000 0.248653
4.000000 3.500000 0.245129
4.000000 3.550000 0.220755
4.000000 3.600000 0.052140
4.000000 3.650000 -1.114273
4.000000 3.700000 -9.183143
4.000000 3.750000 -65.003750
4.000000 3.800000 -451.305161
4.000000 3.850000 -3131.149252
4.000000 3.900000 -22043.155175
4.000000 3.950000 -174018.213437
